i getaccept E*A dH rho ddH Q
0 1 9.357596129351166e-01 3.000262210775873e-03 1.000000000000000e+00 NA -0.000000000000000e+00
1 1 9.208256881246093e-01 5.600185361345211e-04 1.000000000000000e+00 NA -0.000000000000000e+00
2 1 9.107345006921366e-01 4.648401659324009e-04 1.000000000000000e+00 NA -0.000000000000000e+00
3 1 9.131988498856428e-01 -1.707047883883206e-04 1.000000000000000e+00 NA -0.000000000000000e+00
4 1 9.039101216032233e-01 3.256747261275450e-04 1.000000000000000e+00 NA -0.000000000000000e+00
5 1 9.008759152306198e-01 1.310826555709355e-04 1.000000000000000e+00 NA -0.000000000000000e+00
6 1 8.989001018303348e-01 9.129272416430467e-05 1.000000000000000e+00 NA -0.000000000000000e+00
7 1 8.935935088170273e-01 2.099486787301430e-04 1.000000000000000e+00 NA -0.000000000000000e+00
8 1 8.933144102098011e-01 -3.280430496488407e-05 1.000000000000000e+00 NA -0.000000000000000e+00
9 1 8.911852258893718e-01 6.637944079557201e-05 1.000000000000000e+00 NA -0.000000000000000e+00
10 1 8.911202171514119e-01 5.564054981732625e-05 1.000000000000000e+00 NA -0.000000000000000e+00
11 1 8.994469950616060e-01 -3.574224938347470e-04 1.000000000000000e+00 NA -0.000000000000000e+00
12 1 8.955341576109902e-01 1.043777770064480e-04 1.000000000000000e+00 NA -0.000000000000000e+00
13 1 8.955104271715209e-01 8.117055676848395e-05 1.000000000000000e+00 NA -0.000000000000000e+00
14 1 8.965658909586018e-01 -7.789359665366646e-05 1.000000000000000e+00 NA -0.000000000000000e+00
15 1 8.974623522808551e-01 -8.010586611817416e-05 1.000000000000000e+00 NA -0.000000000000000e+00
16 1 8.948529665882546e-01 7.796360023348825e-05 1.000000000000000e+00 NA -0.000000000000000e+00
17 1 8.898766015905718e-01 1.548279619782988e-04 1.000000000000000e+00 NA -0.000000000000000e+00
18 1 8.876750110185255e-01 1.530408114831516e-04 1.000000000000000e+00 NA -0.000000000000000e+00
19 1 8.871529415332897e-01 -2.987054540426470e-05 1.000000000000000e+00 NA -0.000000000000000e+00
20 1 8.880723586633494e-01 -7.017364555395034e-05 1.000000000000000e+00 NA -0.000000000000000e+00
21 1 8.892106677440325e-01 1.587395604474295e-05 1.000000000000000e+00 NA -0.000000000000000e+00
22 1 8.954054522959825e-01 -3.780349156841112e-04 1.000000000000000e+00 NA -0.000000000000000e+00
23 1 8.871265968414199e-01 4.144433496549027e-04 1.000000000000000e+00 NA -0.000000000000000e+00
24 1 8.898735168831712e-01 -1.930498713136330e-04 1.000000000000000e+00 NA -0.000000000000000e+00
25 1 8.942665389215509e-01 -1.560281359616056e-04 1.000000000000000e+00 NA -0.000000000000000e+00
26 1 8.927318501915193e-01 1.100463055081491e-05 1.000000000000000e+00 NA -0.000000000000000e+00
27 1 8.890610154071990e-01 1.772810976490291e-04 1.000000000000000e+00 NA -0.000000000000000e+00
28 1 8.863154614962744e-01 1.374089420096425e-04 1.000000000000000e+00 NA -0.000000000000000e+00
29 1 8.902732790582459e-01 -2.364329286592692e-04 1.000000000000000e+00 NA -0.000000000000000e+00
30 1 8.907795794454773e-01 -7.958210335345939e-05 1.000000000000000e+00 NA -0.000000000000000e+00
31 1 8.862078028731815e-01 2.961211732781521e-04 1.000000000000000e+00 NA -0.000000000000000e+00
32 1 8.867426777490063e-01 2.691796680664993e-06 1.000000000000000e+00 NA -0.000000000000000e+00
33 1 8.838527930030495e-01 1.687435110397928e-05 1.000000000000000e+00 NA -0.000000000000000e+00
34 1 8.847793594012732e-01 1.801416806301859e-05 1.000000000000000e+00 NA -0.000000000000000e+00
35 1 8.823008824506047e-01 1.507615309037647e-04 1.000000000000000e+00 NA -0.000000000000000e+00
36 1 8.832162217187296e-01 -4.976115633326117e-05 1.000000000000000e+00 NA -0.000000000000000e+00
37 1 8.860245891518637e-01 -1.389813123751082e-04 1.000000000000000e+00 NA -0.000000000000000e+00
38 1 8.872337439811722e-01 -6.637278056587093e-05 1.000000000000000e+00 NA -0.000000000000000e+00
39 1 8.896822225676370e-01 -7.034452096377208e-05 1.000000000000000e+00 NA -0.000000000000000e+00
40 1 8.845072208159335e-01 2.237967235032556e-04 1.000000000000000e+00 NA -0.000000000000000e+00
41 1 8.908262360389034e-01 -2.283215492298041e-04 1.000000000000000e+00 NA -0.000000000000000e+00
42 1 8.876818232073390e-01 1.737028969728271e-05 1.000000000000000e+00 NA -0.000000000000000e+00
43 1 8.883851287511959e-01 -2.715183791224263e-05 1.000000000000000e+00 NA -0.000000000000000e+00
44 1 8.831748752977733e-01 2.299435514032666e-04 1.000000000000000e+00 NA -0.000000000000000e+00
45 1 8.809687780996802e-01 1.498728452133946e-04 1.000000000000000e+00 NA -0.000000000000000e+00
46 1 8.866687166427021e-01 -2.607607318623195e-04 1.000000000000000e+00 NA -0.000000000000000e+00
47 1 8.898644848250918e-01 -2.006505653753266e-04 1.000000000000000e+00 NA -0.000000000000000e+00
48 1 8.891872792934310e-01 9.226899032910296e-05 1.000000000000000e+00 NA -0.000000000000000e+00
49 1 8.908909247349936e-01 -8.033120343498013e-05 1.000000000000000e+00 NA -0.000000000000000e+00
50 1 8.885001695484498e-01 8.454666431134683e-05 1.000000000000000e+00 NA -0.000000000000000e+00
51 1 8.883823418452091e-01 1.386344797538186e-05 1.000000000000000e+00 NA -0.000000000000000e+00
52 1 8.884734255710757e-01 5.342008421393984e-05 1.000000000000000e+00 NA -0.000000000000000e+00
53 1 8.883290009814540e-01 -7.200838012977329e-05 1.000000000000000e+00 NA -0.000000000000000e+00
54 1 8.903216024438337e-01 -6.865643285891565e-05 1.000000000000000e+00 NA -0.000000000000000e+00
55 1 8.883314310554115e-01 2.690649967007630e-05 1.000000000000000e+00 NA -0.000000000000000e+00
56 1 8.864463331090866e-01 6.839174079686927e-05 1.000000000000000e+00 NA -0.000000000000000e+00
57 1 8.850727190854620e-01 7.982115221238928e-05 1.000000000000000e+00 NA -0.000000000000000e+00
58 1 8.825045878913397e-01 1.596866202362435e-04 1.000000000000000e+00 NA -0.000000000000000e+00
59 1 8.842851686746849e-01 -1.125458672959212e-04 1.000000000000000e+00 NA -0.000000000000000e+00
60 1 8.836918965494026e-01 7.691268046983168e-05 1.000000000000000e+00 NA -0.000000000000000e+00
61 1 8.839270295970488e-01 -6.440224228754232e-05 1.000000000000000e+00 NA -0.000000000000000e+00
62 1 8.833806133812235e-01 6.323266234176117e-06 1.000000000000000e+00 NA -0.000000000000000e+00
63 1 8.825297675325445e-01 -1.156139501290454e-05 1.000000000000000e+00 NA -0.000000000000000e+00
64 1 8.808255618411980e-01 3.254498392379901e-05 1.000000000000000e+00 NA -0.000000000000000e+00
65 1 8.834618669017695e-01 -7.852064572944073e-05 1.000000000000000e+00 NA -0.000000000000000e+00
66 1 8.842757294493415e-01 -5.025706104788696e-05 1.000000000000000e+00 NA -0.000000000000000e+00
67 1 8.865931690340689e-01 1.885704614323913e-05 1.000000000000000e+00 NA -0.000000000000000e+00
68 1 8.856849018998388e-01 2.510942658773274e-05 1.000000000000000e+00 NA -0.000000000000000e+00
69 1 8.894754702721716e-01 -1.559481397634954e-04 1.000000000000000e+00 NA -0.000000000000000e+00
70 1 8.814056181797110e-01 3.691525366775750e-04 1.000000000000000e+00 NA -0.000000000000000e+00
71 1 8.893003762569039e-01 -4.114352957458323e-04 1.000000000000000e+00 NA -0.000000000000000e+00
72 1 8.870100317573006e-01 6.031990346855309e-05 1.000000000000000e+00 NA -0.000000000000000e+00
73 1 8.842916505488497e-01 1.749196919718088e-04 1.000000000000000e+00 NA -0.000000000000000e+00
74 1 8.800938106487705e-01 1.339073226063192e-04 1.000000000000000e+00 NA -0.000000000000000e+00
75 1 8.809500474847343e-01 -8.123490374600806e-05 1.000000000000000e+00 NA -0.000000000000000e+00
76 1 8.803795581658950e-01 1.522164038760820e-04 1.000000000000000e+00 NA -0.000000000000000e+00
77 1 8.843102915570100e-01 -2.402056143182563e-04 1.000000000000000e+00 NA -0.000000000000000e+00
78 1 8.823561465057838e-01 2.099713356074062e-05 1.000000000000000e+00 NA -0.000000000000000e+00
79 1 8.802549439425997e-01 8.679961865709629e-05 1.000000000000000e+00 NA -0.000000000000000e+00
80 1 8.779848911476362e-01 1.328758125964669e-04 1.000000000000000e+00 NA -0.000000000000000e+00
81 1 8.796854370113205e-01 -8.251586041296832e-05 1.000000000000000e+00 NA -0.000000000000000e+00
82 1 8.856146569471848e-01 -2.386509049756569e-04 1.000000000000000e+00 NA -0.000000000000000e+00
83 1 8.866277547796463e-01 -4.747398975268879e-05 1.000000000000000e+00 NA -0.000000000000000e+00
84 1 8.843753319977397e-01 6.806854207752622e-05 1.000000000000000e+00 NA -0.000000000000000e+00
85 1 8.805811630081970e-01 1.126100476085412e-04 1.000000000000000e+00 NA -0.000000000000000e+00
86 1 8.827674227648383e-01 -8.328900958076701e-05 1.000000000000000e+00 NA -0.000000000000000e+00
87 1 8.751163167717686e-01 4.081196298102441e-04 1.000000000000000e+00 NA -0.000000000000000e+00
88 1 8.799141816429354e-01 -2.532882388095459e-04 1.000000000000000e+00 NA -0.000000000000000e+00
89 1 8.856181111264343e-01 -2.210388868206792e-04 1.000000000000000e+00 NA -0.000000000000000e+00
90 1 8.837006647672198e-01 6.252540424611652e-05 1.000000000000000e+00 NA -0.000000000000000e+00
91 1 8.813296279214758e-01 6.808672196711996e-05 1.000000000000000e+00 NA -0.000000000000000e+00
92 1 8.820753708997563e-01 2.622850524858222e-05 1.000000000000000e+00 NA -0.000000000000000e+00
93 1 8.776111350653073e-01 1.635455646464834e-04 1.000000000000000e+00 NA -0.000000000000000e+00
94 1 8.812638834494113e-01 -1.140654826485843e-04 1.000000000000000e+00 NA -0.000000000000000e+00
95 1 8.787119262989453e-01 7.094457259881892e-06 1.000000000000000e+00 NA -0.000000000000000e+00
96 1 8.858980860867982e-01 -1.908573874516151e-04 1.000000000000000e+00 NA -0.000000000000000e+00
97 1 8.859098257757270e-01 -7.755916158203036e-06 1.000000000000000e+00 NA -0.000000000000000e+00
98 1 8.865493823998096e-01 -9.474728130953736e-05 1.000000000000000e+00 NA -0.000000000000000e+00
99 1 8.869730672127503e-01 1.750010824252968e-05 1.000000000000000e+00 NA -0.000000000000000e+00
100 1 8.836366536754858e-01 1.382496297992475e-04 1.000000000000000e+00 NA -0.000000000000000e+00
101 1 8.837623312976738e-01 2.130054281224147e-05 1.000000000000000e+00 NA -0.000000000000000e+00
102 1 8.815465033754616e-01 4.217041691845225e-05 1.000000000000000e+00 NA -0.000000000000000e+00
103 1 8.883894847545386e-01 -2.787686075862439e-04 1.000000000000000e+00 NA -0.000000000000000e+00
104 1 8.873234088307858e-01 7.248232714118785e-05 1.000000000000000e+00 NA -0.000000000000000e+00
105 1 8.839266809376128e-01 1.340965791314375e-04 1.000000000000000e+00 NA -0.000000000000000e+00
106 1 8.821742600181075e-01 2.536962460908398e-05 1.000000000000000e+00 NA -0.000000000000000e+00
107 1 8.878376144517899e-01 -2.046001889084437e-04 1.000000000000000e+00 NA -0.000000000000000e+00
108 1 8.835801306043065e-01 1.754954446369084e-04 1.000000000000000e+00 NA -0.000000000000000e+00
109 1 8.824885649026266e-01 1.257135613741411e-05 1.000000000000000e+00 NA -0.000000000000000e+00
110 1 8.814750894812469e-01 -1.081330401575542e-05 1.000000000000000e+00 NA -0.000000000000000e+00
111 1 8.816893828684647e-01 9.623652863410825e-05 1.000000000000000e+00 NA -0.000000000000000e+00
112 1 8.826006438427895e-01 -4.037801522827067e-05 1.000000000000000e+00 NA -0.000000000000000e+00
113 1 8.816239794068592e-01 7.760066910122987e-05 1.000000000000000e+00 NA -0.000000000000000e+00
114 1 8.795565665024579e-01 -6.903150733705843e-06 1.000000000000000e+00 NA -0.000000000000000e+00
115 1 8.801260073188903e-01 -9.984080475078372e-05 1.000000000000000e+00 NA -0.000000000000000e+00
116 1 8.867301670054095e-01 -2.636464739680378e-04 1.000000000000000e+00 NA -0.000000000000000e+00
117 1 8.858812318730657e-01 1.575993383085006e-05 1.000000000000000e+00 NA -0.000000000000000e+00
118 1 8.794959121806075e-01 3.352722983436252e-04 1.000000000000000e+00 NA -0.000000000000000e+00
119 1 8.823904208560323e-01 -1.880302554582158e-04 1.000000000000000e+00 NA -0.000000000000000e+00
120 1 8.842602174378189e-01 -1.001672085294558e-04 1.000000000000000e+00 NA -0.000000000000000e+00
121 1 8.875191059278766e-01 -9.679653749117278e-05 1.000000000000000e+00 NA -0.000000000000000e+00
122 1 8.837032764373195e-01 1.468073564865335e-04 1.000000000000000e+00 NA -0.000000000000000e+00
123 1 8.879536457562547e-01 -2.049269783128693e-04 1.000000000000000e+00 NA -0.000000000000000e+00
124 1 8.845207138358497e-01 7.903725077085255e-05 1.000000000000000e+00 NA -0.000000000000000e+00
125 1 8.837272633646072e-01 1.031517977025942e-04 1.000000000000000e+00 NA -0.000000000000000e+00
126 1 8.878285172883380e-01 -2.559441259109008e-04 1.000000000000000e+00 NA -0.000000000000000e+00
127 1 8.856669707280426e-01 9.275061552216357e-05 1.000000000000000e+00 NA -0.000000000000000e+00
128 1 8.834299499829317e-01 2.144654827134218e-04 1.000000000000000e+00 NA -0.000000000000000e+00
129 1 8.886098149930760e-01 -2.610188907965494e-04 1.000000000000000e+00 NA -0.000000000000000e+00
130 1 8.866442412788182e-01 1.088638707642531e-04 1.000000000000000e+00 NA -0.000000000000000e+00
131 1 8.882008801828470e-01 -1.049189199875400e-04 1.000000000000000e+00 NA -0.000000000000000e+00
132 1 8.809017606310665e-01 2.118071861332282e-04 1.000000000000000e+00 NA -0.000000000000000e+00
133 1 8.829463790194287e-01 -2.657160166563699e-06 1.000000000000000e+00 NA -0.000000000000000e+00
134 1 8.832949867576187e-01 -9.380847041029483e-05 1.000000000000000e+00 NA -0.000000000000000e+00
135 1 8.819623934798108e-01 9.515884653410467e-05 1.000000000000000e+00 NA -0.000000000000000e+00
136 1 8.839796818510630e-01 -2.025567894179403e-04 1.000000000000000e+00 NA -0.000000000000000e+00
137 1 8.802419272648311e-01 2.331087271159049e-04 1.000000000000000e+00 NA -0.000000000000000e+00
138 1 8.835340668786366e-01 -6.006911644362845e-05 1.000000000000000e+00 NA -0.000000000000000e+00
139 1 8.829899449530159e-01 2.353032346036343e-05 1.000000000000000e+00 NA -0.000000000000000e+00
140 1 8.835046260821581e-01 -6.314196457424259e-05 1.000000000000000e+00 NA -0.000000000000000e+00
141 1 8.802149790295055e-01 1.300651340443437e-04 1.000000000000000e+00 NA -0.000000000000000e+00
142 1 8.848860685180348e-01 -1.903757781747117e-04 1.000000000000000e+00 NA -0.000000000000000e+00
143 1 8.849862863210053e-01 -5.047452646067541e-05 1.000000000000000e+00 NA -0.000000000000000e+00
144 1 8.876005489601313e-01 -4.918690160593542e-05 1.000000000000000e+00 NA -0.000000000000000e+00
145 1 8.799391351853979e-01 3.570749581740529e-04 1.000000000000000e+00 NA -0.000000000000000e+00
146 1 8.793413213167514e-01 9.956756980500359e-05 1.000000000000000e+00 NA -0.000000000000000e+00
147 1 8.828154908419410e-01 -2.089983531732287e-04 1.000000000000000e+00 NA -0.000000000000000e+00
148 1 8.821783305978614e-01 -1.221398679263075e-05 1.000000000000000e+00 NA -0.000000000000000e+00
149 1 8.831620746197975e-01 -5.639154483105813e-05 1.000000000000000e+00 NA -0.000000000000000e+00
150 1 8.802498776455862e-01 1.408699238254485e-04 1.000000000000000e+00 NA -0.000000000000000e+00
151 1 8.797555640401049e-01 -5.033394245401723e-05 1.000000000000000e+00 NA -0.000000000000000e+00
152 1 8.813626343070258e-01 -1.285449002352834e-05 1.000000000000000e+00 NA -0.000000000000000e+00
153 1 8.828098214517467e-01 -1.149103811712848e-04 1.000000000000000e+00 NA -0.000000000000000e+00
154 1 8.773428503223852e-01 2.501430026313756e-04 1.000000000000000e+00 NA -0.000000000000000e+00
155 1 8.764310911136439e-01 -3.509525390654744e-05 1.000000000000000e+00 NA -0.000000000000000e+00
156 1 8.814031002060717e-01 -1.197083756778738e-04 1.000000000000000e+00 NA -0.000000000000000e+00
157 1 8.793206326370325e-01 4.604584273693035e-05 1.000000000000000e+00 NA -0.000000000000000e+00
158 1 8.759172290155935e-01 1.925581839259394e-04 1.000000000000000e+00 NA -0.000000000000000e+00
159 1 8.832485843660169e-01 -4.973950960902584e-04 1.000000000000000e+00 NA -0.000000000000000e+00
160 1 8.745339091275263e-01 3.874427211485454e-04 1.000000000000000e+00 NA -0.000000000000000e+00
161 1 8.792129952977754e-01 -2.289359124461043e-04 1.000000000000000e+00 NA -0.000000000000000e+00
162 1 8.805303192915412e-01 -8.097426871245261e-06 1.000000000000000e+00 NA -0.000000000000000e+00
163 1 8.732813719349847e-01 3.522800070641097e-04 1.000000000000000e+00 NA -0.000000000000000e+00
164 1 8.765471785103386e-01 -6.579425644304138e-05 1.000000000000000e+00 NA -0.000000000000000e+00
165 1 8.801349648783134e-01 -2.232318392998422e-04 1.000000000000000e+00 NA -0.000000000000000e+00
166 1 8.761386343483688e-01 2.428695026992500e-04 1.000000000000000e+00 NA -0.000000000000000e+00
167 1 8.784565810778715e-01 9.647214938013349e-07 1.000000000000000e+00 NA -0.000000000000000e+00
168 1 8.845049818138433e-01 -3.227981840154825e-04 1.000000000000000e+00 NA -0.000000000000000e+00
169 1 8.827497694477230e-01 5.726676499762107e-05 1.000000000000000e+00 NA -0.000000000000000e+00
170 1 8.800350404283437e-01 1.129651525388908e-04 1.000000000000000e+00 NA -0.000000000000000e+00
171 1 8.786235804792570e-01 7.576404550491134e-05 1.000000000000000e+00 NA -0.000000000000000e+00
172 1 8.831912154495362e-01 -1.534197642740764e-04 1.000000000000000e+00 NA -0.000000000000000e+00
173 1 8.772429871205125e-01 1.709024309093365e-04 1.000000000000000e+00 NA -0.000000000000000e+00
174 1 8.797470045438592e-01 -1.478920712543186e-04 1.000000000000000e+00 NA -0.000000000000000e+00
175 1 8.788146353871502e-01 6.235977298274520e-05 1.000000000000000e+00 NA -0.000000000000000e+00
176 1 8.782123724482519e-01 3.697668830682233e-05 1.000000000000000e+00 NA -0.000000000000000e+00
177 1 8.764917923186021e-01 5.225989298196509e-05 1.000000000000000e+00 NA -0.000000000000000e+00
178 1 8.817448249922901e-01 -1.827140467867139e-04 1.000000000000000e+00 NA -0.000000000000000e+00
179 1 8.758823032211880e-01 1.704099672679149e-04 1.000000000000000e+00 NA -0.000000000000000e+00
180 1 8.754823277415120e-01 4.604938635566214e-05 1.000000000000000e+00 NA -0.000000000000000e+00
181 1 8.758346739393117e-01 1.548488671687664e-05 1.000000000000000e+00 NA -0.000000000000000e+00
182 1 8.735555493991739e-01 1.009536015317281e-04 1.000000000000000e+00 NA -0.000000000000000e+00
183 1 8.811077064918025e-01 -2.995815125359513e-04 1.000000000000000e+00 NA -0.000000000000000e+00
184 1 8.813934093891437e-01 -4.174061109551985e-05 1.000000000000000e+00 NA -0.000000000000000e+00
185 1 8.809572327301081e-01 -7.396221917588264e-06 1.000000000000000e+00 NA -0.000000000000000e+00
186 1 8.820335009527810e-01 -4.070700538250094e-05 1.000000000000000e+00 NA -0.000000000000000e+00
187 1 8.755283359737920e-01 3.092845638548170e-04 1.000000000000000e+00 NA -0.000000000000000e+00
188 1 8.785206798821985e-01 -1.973346163595124e-04 1.000000000000000e+00 NA -0.000000000000000e+00
189 1 8.825526709835591e-01 -1.187039404157986e-04 1.000000000000000e+00 NA -0.000000000000000e+00
190 1 8.817601832465548e-01 2.102150392602198e-05 1.000000000000000e+00 NA -0.000000000000000e+00
191 1 8.827765767367431e-01 -4.030427407997195e-05 1.000000000000000e+00 NA -0.000000000000000e+00
192 1 8.827414934095966e-01 -4.092101335118059e-06 1.000000000000000e+00 NA -0.000000000000000e+00
193 1 8.838518672076310e-01 -1.768269851254445e-04 1.000000000000000e+00 NA -0.000000000000000e+00
194 1 8.802791148908879e-01 2.524478650229867e-04 1.000000000000000e+00 NA -0.000000000000000e+00
195 1 8.773622857313692e-01 6.191986562953389e-05 1.000000000000000e+00 NA -0.000000000000000e+00
196 1 8.765553669347554e-01 1.220613864916231e-04 1.000000000000000e+00 NA -0.000000000000000e+00
197 1 8.756808304666921e-01 6.222020988388977e-05 1.000000000000000e+00 NA -0.000000000000000e+00
198 1 8.788055323276215e-01 -1.520365199212392e-04 1.000000000000000e+00 NA -0.000000000000000e+00
199 1 8.790981995141782e-01 -8.911971463021473e-06 1.000000000000000e+00 NA -0.000000000000000e+00
200 1 8.780646983323201e-01 4.791199285136827e-05 1.000000000000000e+00 NA -0.000000000000000e+00
201 1 8.802126712302863e-01 -1.199500793518382e-04 1.000000000000000e+00 NA -0.000000000000000e+00
202 1 8.750326687163531e-01 2.706637428673275e-04 1.000000000000000e+00 NA -0.000000000000000e+00
203 1 8.778401652540335e-01 -7.945971947265207e-05 1.000000000000000e+00 NA -0.000000000000000e+00
204 1 8.833213428154491e-01 -3.016539644704608e-04 1.000000000000000e+00 NA -0.000000000000000e+00
205 1 8.787409439030611e-01 2.897094905165432e-04 1.000000000000000e+00 NA -0.000000000000000e+00
206 1 8.811528526792658e-01 -3.839363716906519e-05 1.000000000000000e+00 NA -0.000000000000000e+00
207 1 8.800178224881847e-01 -3.630895071182749e-05 1.000000000000000e+00 NA -0.000000000000000e+00
208 1 8.856277454446638e-01 -1.833271510349732e-04 1.000000000000000e+00 NA -0.000000000000000e+00
209 1 8.836053612318763e-01 1.216639627728000e-04 1.000000000000000e+00 NA -0.000000000000000e+00
210 1 8.861207842747698e-01 -8.613716272520833e-05 1.000000000000000e+00 NA -0.000000000000000e+00
211 1 8.861980254013091e-01 -6.675558870483655e-05 1.000000000000000e+00 NA -0.000000000000000e+00
212 1 8.865533611909713e-01 -4.619179321707634e-05 1.000000000000000e+00 NA -0.000000000000000e+00
213 1 8.842281101775052e-01 1.383547898967663e-04 1.000000000000000e+00 NA -0.000000000000000e+00
214 1 8.860070402107577e-01 -5.058563851889630e-05 1.000000000000000e+00 NA -0.000000000000000e+00
215 1 8.804304586353086e-01 2.511301372578600e-04 1.000000000000000e+00 NA -0.000000000000000e+00
216 1 8.847885407748006e-01 -1.684807143647049e-04 1.000000000000000e+00 NA -0.000000000000000e+00
217 1 8.850478607578324e-01 -2.375589679104451e-05 1.000000000000000e+00 NA -0.000000000000000e+00
218 1 8.800161768075192e-01 1.020808517750993e-04 1.000000000000000e+00 NA -0.000000000000000e+00
219 1 8.734099357211608e-01 4.392197904508066e-04 1.000000000000000e+00 NA -0.000000000000000e+00
220 1 8.778937822414272e-01 -2.467894150868233e-04 1.000000000000000e+00 NA -0.000000000000000e+00
221 1 8.830283809299303e-01 -1.559839349738468e-04 1.000000000000000e+00 NA -0.000000000000000e+00
222 1 8.837159179338913e-01 -5.834283297190268e-05 1.000000000000000e+00 NA -0.000000000000000e+00
223 1 8.824107369434243e-01 -9.156712621916085e-05 1.000000000000000e+00 NA -0.000000000000000e+00
224 1 8.771860483452203e-01 2.767465894066845e-04 1.000000000000000e+00 NA -0.000000000000000e+00
225 1 8.849573783240581e-01 -2.546751968566241e-04 1.000000000000000e+00 NA -0.000000000000000e+00
226 1 8.818841963576618e-01 9.211136784870178e-05 1.000000000000000e+00 NA -0.000000000000000e+00
227 1 8.797903874676800e-01 1.452582955607795e-04 1.000000000000000e+00 NA -0.000000000000000e+00
228 1 8.815622472981541e-01 -7.251292458931857e-05 1.000000000000000e+00 NA -0.000000000000000e+00
229 1 8.834244447782613e-01 -6.945115069356689e-05 1.000000000000000e+00 NA -0.000000000000000e+00
230 1 8.836915033672256e-01 1.682317315498949e-05 1.000000000000000e+00 NA -0.000000000000000e+00
231 1 8.806668248985074e-01 1.357907913188683e-04 1.000000000000000e+00 NA -0.000000000000000e+00
232 1 8.805147896555574e-01 -4.956325869898137e-05 1.000000000000000e+00 NA -0.000000000000000e+00
233 1 8.829071285564380e-01 -1.443886726519850e-04 1.000000000000000e+00 NA -0.000000000000000e+00
234 1 8.874803716513361e-01 -7.236978694891150e-05 1.000000000000000e+00 NA -0.000000000000000e+00
235 1 8.864327705867934e-01 -1.039709968608804e-05 1.000000000000000e+00 NA -0.000000000000000e+00
236 1 8.887557952428731e-01 -7.459617859240097e-05 1.000000000000000e+00 NA -0.000000000000000e+00
237 1 8.832562822771962e-01 2.363042203796795e-04 1.000000000000000e+00 NA -0.000000000000000e+00
238 1 8.860234441098280e-01 -1.289167339564301e-04 1.000000000000000e+00 NA -0.000000000000000e+00
239 1 8.832268826256897e-01 6.382878927979618e-05 1.000000000000000e+00 NA -0.000000000000000e+00
240 1 8.808958468028025e-01 8.134771428558452e-05 1.000000000000000e+00 NA -0.000000000000000e+00
241 1 8.824877682766734e-01 -1.087530290533323e-05 1.000000000000000e+00 NA -0.000000000000000e+00
242 1 8.789861280839412e-01 1.173154378193431e-04 1.000000000000000e+00 NA -0.000000000000000e+00
243 1 8.805833861860856e-01 -1.448250386602012e-04 1.000000000000000e+00 NA -0.000000000000000e+00
244 1 8.776320939482645e-01 1.567677172715776e-04 1.000000000000000e+00 NA -0.000000000000000e+00
245 1 8.768269749130349e-01 7.332355380640365e-07 1.000000000000000e+00 NA -0.000000000000000e+00
246 1 8.789093838375097e-01 -4.248849404575594e-05 1.000000000000000e+00 NA -0.000000000000000e+00
247 1 8.752656989462773e-01 5.373896715354931e-05 1.000000000000000e+00 NA -0.000000000000000e+00
248 1 8.769827766530041e-01 -1.839687638494070e-05 1.000000000000000e+00 NA -0.000000000000000e+00
249 1 8.818089401531314e-01 -1.868587153239787e-04 1.000000000000000e+00 NA -0.000000000000000e+00
250 1 8.864279769909067e-01 -1.776085218807566e-04 1.000000000000000e+00 NA -0.000000000000000e+00
251 1 8.916272916006485e-01 -1.968146159470052e-04 1.000000000000000e+00 NA -0.000000000000000e+00
252 1 8.865366447995779e-01 2.711823585741513e-04 1.000000000000000e+00 NA -0.000000000000000e+00
253 1 8.827150174096792e-01 1.128943511048419e-04 1.000000000000000e+00 NA -0.000000000000000e+00
254 1 8.855617442152012e-01 -6.810403601775761e-05 1.000000000000000e+00 NA -0.000000000000000e+00
255 1 8.815627612941637e-01 2.022657486122625e-05 1.000000000000000e+00 NA -0.000000000000000e+00
256 1 8.847385959706744e-01 -1.152352760982467e-04 1.000000000000000e+00 NA -0.000000000000000e+00
257 1 8.815435063969674e-01 1.277011872389267e-04 1.000000000000000e+00 NA -0.000000000000000e+00
258 1 8.753230953474487e-01 1.938652064836788e-04 1.000000000000000e+00 NA -0.000000000000000e+00
259 1 8.792522524355637e-01 -1.311339065068751e-05 1.000000000000000e+00 NA -0.000000000000000e+00
260 1 8.848350101320795e-01 -2.351659991290944e-04 1.000000000000000e+00 NA -0.000000000000000e+00
261 1 8.812396874209336e-01 1.657218397213001e-04 1.000000000000000e+00 NA -0.000000000000000e+00
262 1 8.839260629105802e-01 -1.033315556924208e-04 1.000000000000000e+00 NA -0.000000000000000e+00
263 1 8.767725201603090e-01 3.590509700188704e-04 1.000000000000000e+00 NA -0.000000000000000e+00
264 1 8.820107230832837e-01 -2.792214147575578e-04 1.000000000000000e+00 NA -0.000000000000000e+00
265 1 8.766738402807133e-01 2.907965827034786e-04 1.000000000000000e+00 NA -0.000000000000000e+00
266 1 8.809775540108342e-01 -2.119710618444515e-04 1.000000000000000e+00 NA -0.000000000000000e+00
267 1 8.794274173096162e-01 3.231250889257353e-05 1.000000000000000e+00 NA -0.000000000000000e+00
268 1 8.805105284997747e-01 -1.160825866008963e-04 1.000000000000000e+00 NA -0.000000000000000e+00
269 1 8.786005580521603e-01 1.241913309968368e-05 1.000000000000000e+00 NA -0.000000000000000e+00
270 1 8.830903639751689e-01 -1.724648768686166e-04 1.000000000000000e+00 NA -0.000000000000000e+00
271 1 8.779719406194437e-01 2.716111403060495e-04 1.000000000000000e+00 NA -0.000000000000000e+00
272 1 8.746775170236769e-01 1.560243981657550e-04 1.000000000000000e+00 NA -0.000000000000000e+00
273 1 8.746406803157477e-01 4.330168258093181e-05 1.000000000000000e+00 NA -0.000000000000000e+00
274 1 8.804450861453679e-01 -4.040029034513282e-04 1.000000000000000e+00 NA -0.000000000000000e+00
275 1 8.753949965502633e-01 2.314713046871475e-04 1.000000000000000e+00 NA -0.000000000000000e+00
276 1 8.766813161188285e-01 -8.414165017711639e-05 1.000000000000000e+00 NA -0.000000000000000e+00
277 1 8.785194358684076e-01 1.430053748663340e-05 1.000000000000000e+00 NA -0.000000000000000e+00
278 1 8.829037230841943e-01 -2.503756709302252e-04 1.000000000000000e+00 NA -0.000000000000000e+00
279 1 8.805422032835997e-01 1.576216811827180e-04 1.000000000000000e+00 NA -0.000000000000000e+00
280 1 8.833924007951162e-01 -1.664178225837531e-04 1.000000000000000e+00 NA -0.000000000000000e+00
281 1 8.842454822899170e-01 8.316407206621079e-05 1.000000000000000e+00 NA -0.000000000000000e+00
282 1 8.825914461778124e-01 8.719475385987607e-05 1.000000000000000e+00 NA -0.000000000000000e+00
283 1 8.845687350989158e-01 -1.252142553767044e-04 1.000000000000000e+00 NA -0.000000000000000e+00
284 1 8.852619653798748e-01 -5.758923452958697e-05 1.000000000000000e+00 NA -0.000000000000000e+00
285 1 8.775109895163081e-01 2.555845987899374e-04 1.000000000000000e+00 NA -0.000000000000000e+00
286 1 8.800270746460940e-01 -1.148025405655062e-04 1.000000000000000e+00 NA -0.000000000000000e+00
287 1 8.800917111966269e-01 1.590695183040225e-05 1.000000000000000e+00 NA -0.000000000000000e+00
288 1 8.779912569580128e-01 1.871107247097825e-05 1.000000000000000e+00 NA -0.000000000000000e+00
289 1 8.808830040862917e-01 -1.923744639498182e-05 1.000000000000000e+00 NA -0.000000000000000e+00
290 1 8.808153475945276e-01 -1.030332709888171e-04 1.000000000000000e+00 NA -0.000000000000000e+00
291 1 8.841782025840620e-01 -4.760079241350468e-05 1.000000000000000e+00 NA -0.000000000000000e+00
292 1 8.840127980126145e-01 5.248718866823765e-05 1.000000000000000e+00 NA -0.000000000000000e+00
293 1 8.810889327356741e-01 1.084483271824865e-04 1.000000000000000e+00 NA -0.000000000000000e+00
294 1 8.823079228059407e-01 -2.748915153460985e-05 1.000000000000000e+00 NA -0.000000000000000e+00
295 1 8.766106991406128e-01 2.445061852540675e-04 1.000000000000000e+00 NA -0.000000000000000e+00
296 1 8.820886279390847e-01 -3.483569889795035e-04 1.000000000000000e+00 NA -0.000000000000000e+00
297 1 8.801838639822916e-01 1.359003510970069e-04 1.000000000000000e+00 NA -0.000000000000000e+00
298 1 8.806445329882596e-01 9.324053280579392e-06 1.000000000000000e+00 NA -0.000000000000000e+00
299 1 8.802766620924501e-01 -6.471638448601880e-05 1.000000000000000e+00 NA -0.000000000000000e+00
300 1 8.832967855804958e-01 -1.370880613649206e-04 1.000000000000000e+00 NA -0.000000000000000e+00
301 1 8.808372610072517e-01 1.105842113702238e-04 1.000000000000000e+00 NA -0.000000000000000e+00
302 1 8.827516201352991e-01 2.164704392271233e-05 1.000000000000000e+00 NA -0.000000000000000e+00
303 1 8.822638625339404e-01 5.839858431500033e-06 1.000000000000000e+00 NA -0.000000000000000e+00
304 1 8.804194773032217e-01 2.490969723112357e-05 1.000000000000000e+00 NA -0.000000000000000e+00
305 1 8.813109449411433e-01 -5.213715758145554e-05 1.000000000000000e+00 NA -0.000000000000000e+00
306 1 8.804789386953678e-01 7.605105952279700e-05 1.000000000000000e+00 NA -0.000000000000000e+00
307 1 8.760290624192506e-01 1.946610793766013e-04 1.000000000000000e+00 NA -0.000000000000000e+00
308 1 8.782460211293963e-01 -1.327857232809038e-04 1.000000000000000e+00 NA -0.000000000000000e+00
309 1 8.854484805309966e-01 -2.368189245771646e-04 1.000000000000000e+00 NA -0.000000000000000e+00
310 1 8.828281852916376e-01 7.332746645261068e-05 1.000000000000000e+00 NA -0.000000000000000e+00
311 1 8.823902335893323e-01 4.812314728042111e-06 1.000000000000000e+00 NA -0.000000000000000e+00
312 1 8.840274953413895e-01 -1.627672099857591e-05 1.000000000000000e+00 NA -0.000000000000000e+00
313 1 8.879781716012453e-01 -1.357396008643263e-04 1.000000000000000e+00 NA -0.000000000000000e+00
314 1 8.792483885517918e-01 3.744723117051763e-04 1.000000000000000e+00 NA -0.000000000000000e+00
315 1 8.790598408604371e-01 6.169419771140383e-05 1.000000000000000e+00 NA -0.000000000000000e+00
316 1 8.778005330544116e-01 -5.303323109728808e-05 1.000000000000000e+00 NA -0.000000000000000e+00
317 1 8.800690739859622e-01 -4.111306316190166e-05 1.000000000000000e+00 NA -0.000000000000000e+00
318 1 8.837371985656409e-01 -1.910728219627345e-04 1.000000000000000e+00 NA -0.000000000000000e+00
319 1 8.823690875558828e-01 7.957984553286224e-05 1.000000000000000e+00 NA -0.000000000000000e+00
320 1 8.789708946824627e-01 1.669350065185427e-04 1.000000000000000e+00 NA -0.000000000000000e+00
321 1 8.827139928288235e-01 -1.319750385846419e-04 1.000000000000000e+00 NA -0.000000000000000e+00
322 1 8.800556318154635e-01 9.195193888444919e-05 1.000000000000000e+00 NA -0.000000000000000e+00
323 1 8.807735817140290e-01 -2.240315097878920e-07 1.000000000000000e+00 NA -0.000000000000000e+00
324 1 8.802206561154933e-01 -7.401543575724645e-05 1.000000000000000e+00 NA -0.000000000000000e+00
325 1 8.803088262924230e-01 -1.432723138350411e-06 1.000000000000000e+00 NA -0.000000000000000e+00
326 1 8.845305004582485e-01 -2.382069553732435e-04 1.000000000000000e+00 NA -0.000000000000000e+00
327 1 8.807866675191423e-01 2.902335020280589e-04 1.000000000000000e+00 NA -0.000000000000000e+00
328 1 8.831282920158501e-01 -1.840898059981555e-04 1.000000000000000e+00 NA -0.000000000000000e+00
329 1 8.851083171433759e-01 -8.105466463348421e-05 1.000000000000000e+00 NA -0.000000000000000e+00
330 1 8.822950584430185e-01 1.516187096513022e-04 1.000000000000000e+00 NA -0.000000000000000e+00
331 1 8.812808296096988e-01 4.413268084135780e-05 1.000000000000000e+00 NA -0.000000000000000e+00
332 1 8.820089962327968e-01 -4.636688822756696e-05 1.000000000000000e+00 NA -0.000000000000000e+00
333 1 8.800627435727875e-01 6.989539315327420e-05 1.000000000000000e+00 NA -0.000000000000000e+00
334 1 8.822220067420854e-01 -1.241871259480831e-04 1.000000000000000e+00 NA -0.000000000000000e+00
335 1 8.778489949644008e-01 1.608689424301701e-04 1.000000000000000e+00 NA -0.000000000000000e+00
336 1 8.756655328867544e-01 1.020777110625204e-04 1.000000000000000e+00 NA -0.000000000000000e+00
337 1 8.802243649639784e-01 -2.135248596459860e-04 1.000000000000000e+00 NA -0.000000000000000e+00
338 1 8.770289199770884e-01 1.419352420271025e-04 1.000000000000000e+00 NA -0.000000000000000e+00
339 1 8.750626360490252e-01 8.884293220035033e-05 1.000000000000000e+00 NA -0.000000000000000e+00
340 1 8.728510436357239e-01 1.130860039211257e-04 1.000000000000000e+00 NA -0.000000000000000e+00
341 1 8.746288365018607e-01 -8.627472766420397e-05 1.000000000000000e+00 NA -0.000000000000000e+00
342 1 8.788968045051808e-01 -1.840422132772801e-04 1.000000000000000e+00 NA -0.000000000000000e+00
343 1 8.813337999203382e-01 -1.016498692933965e-04 1.000000000000000e+00 NA -0.000000000000000e+00
344 1 8.765962417705314e-01 1.752162643242627e-04 1.000000000000000e+00 NA -0.000000000000000e+00
345 1 8.776813711523618e-01 -3.301801007182803e-05 1.000000000000000e+00 NA -0.000000000000000e+00
346 1 8.776413626597593e-01 5.781948516414559e-05 1.000000000000000e+00 NA -0.000000000000000e+00
347 1 8.860865412343706e-01 -3.222991379061568e-04 1.000000000000000e+00 NA -0.000000000000000e+00
348 1 8.841216200469867e-01 -2.288678615514073e-06 1.000000000000000e+00 NA -0.000000000000000e+00
349 1 8.782971320461710e-01 2.382948332524393e-04 1.000000000000000e+00 NA -0.000000000000000e+00
350 1 8.789658351852858e-01 -4.283031830709660e-05 1.000000000000000e+00 NA -0.000000000000000e+00
351 1 8.852185088482738e-01 -3.200980879682902e-04 1.000000000000000e+00 NA -0.000000000000000e+00
352 1 8.867378693877965e-01 5.528735164261889e-05 1.000000000000000e+00 NA -0.000000000000000e+00
353 1 8.860427705331754e-01 -3.768855640373658e-05 1.000000000000000e+00 NA -0.000000000000000e+00
354 1 8.851104652492769e-01 5.179134359423188e-05 1.000000000000000e+00 NA -0.000000000000000e+00
355 1 8.810087180248979e-01 2.116322837082407e-04 1.000000000000000e+00 NA -0.000000000000000e+00
356 1 8.767049529079848e-01 1.250346288088622e-04 1.000000000000000e+00 NA -0.000000000000000e+00
357 1 8.802636567398130e-01 -9.929105590344989e-05 1.000000000000000e+00 NA -0.000000000000000e+00
358 1 8.833319005754642e-01 -1.662927854795271e-04 1.000000000000000e+00 NA -0.000000000000000e+00
359 1 8.720774201322381e-01 4.711379465334176e-04 1.000000000000000e+00 NA -0.000000000000000e+00
360 1 8.803754790160003e-01 -2.750413179910538e-04 1.000000000000000e+00 NA -0.000000000000000e+00
361 1 8.766643157635269e-01 2.004994735216314e-05 1.000000000000000e+00 NA -0.000000000000000e+00
362 1 8.758181809144967e-01 1.462236905354075e-04 1.000000000000000e+00 NA -0.000000000000000e+00
363 1 8.811907053334809e-01 -1.121588586556754e-04 1.000000000000000e+00 NA -0.000000000000000e+00
364 1 8.824692635589831e-01 -9.824767721511307e-05 1.000000000000000e+00 NA -0.000000000000000e+00
365 1 8.796193768526021e-01 2.253963550629123e-04 1.000000000000000e+00 NA -0.000000000000000e+00
366 1 8.767547592607878e-01 1.486748767547397e-04 1.000000000000000e+00 NA -0.000000000000000e+00
367 1 8.814204730224252e-01 -1.330163793227257e-04 1.000000000000000e+00 NA -0.000000000000000e+00
368 1 8.792808545267798e-01 -4.298748945075204e-05 1.000000000000000e+00 NA -0.000000000000000e+00
369 1 8.764872886361742e-01 2.253709885735589e-04 1.000000000000000e+00 NA -0.000000000000000e+00
370 1 8.785149211134563e-01 -8.838799908517103e-05 1.000000000000000e+00 NA -0.000000000000000e+00
371 1 8.869311455024748e-01 -4.150722836584464e-04 1.000000000000000e+00 NA -0.000000000000000e+00
372 1 8.815091566666315e-01 1.857255986124073e-04 1.000000000000000e+00 NA -0.000000000000000e+00
373 1 8.830302115131825e-01 3.552433986442338e-05 1.000000000000000e+00 NA -0.000000000000000e+00
374 1 8.857574208021657e-01 -2.121130833074858e-04 1.000000000000000e+00 NA -0.000000000000000e+00
375 1 8.892840351795663e-01 -2.899465812333801e-05 1.000000000000000e+00 NA -0.000000000000000e+00
376 1 8.894460351425117e-01 -9.885069175652461e-06 1.000000000000000e+00 NA -0.000000000000000e+00
377 1 8.866514749790808e-01 1.773472386048525e-04 1.000000000000000e+00 NA -0.000000000000000e+00
378 1 8.851249103769931e-01 6.147638555376034e-05 1.000000000000000e+00 NA -0.000000000000000e+00
379 1 8.866009485464510e-01 -1.080000640740764e-04 1.000000000000000e+00 NA -0.000000000000000e+00
380 1 8.864128615860620e-01 6.033642421243712e-05 1.000000000000000e+00 NA -0.000000000000000e+00
381 1 8.881696930283391e-01 -1.461594392822008e-04 1.000000000000000e+00 NA -0.000000000000000e+00
382 1 8.864701426973727e-01 1.329431461272179e-05 1.000000000000000e+00 NA -0.000000000000000e+00
383 1 8.873457185719206e-01 -1.206533511322050e-05 1.000000000000000e+00 NA -0.000000000000000e+00
384 1 8.834344938538236e-01 1.488302602865588e-04 1.000000000000000e+00 NA -0.000000000000000e+00
385 1 8.843803434034254e-01 -1.070251573764835e-04 1.000000000000000e+00 NA -0.000000000000000e+00
386 1 8.805563876131052e-01 1.055506704688014e-04 1.000000000000000e+00 NA -0.000000000000000e+00
387 1 8.796644965656309e-01 8.600313344686583e-05 1.000000000000000e+00 NA -0.000000000000000e+00
388 1 8.843017347734722e-01 -1.818108573843347e-04 1.000000000000000e+00 NA -0.000000000000000e+00
389 1 8.806432025992758e-01 1.196288810660917e-04 1.000000000000000e+00 NA -0.000000000000000e+00
390 1 8.841563091335456e-01 -7.247818689393171e-05 1.000000000000000e+00 NA -0.000000000000000e+00
391 1 8.808764622101797e-01 1.373540769691317e-04 1.000000000000000e+00 NA -0.000000000000000e+00
392 1 8.811244349523345e-01 1.672307871558587e-05 1.000000000000000e+00 NA -0.000000000000000e+00
393 1 8.882229335255949e-01 -3.085954119796952e-04 1.000000000000000e+00 NA -0.000000000000000e+00
394 1 8.867473657258234e-01 6.265690421969339e-05 1.000000000000000e+00 NA -0.000000000000000e+00
395 1 8.821465225735367e-01 1.970625091871625e-04 1.000000000000000e+00 NA -0.000000000000000e+00
396 1 8.812786032979998e-01 2.728498839132953e-05 1.000000000000000e+00 NA -0.000000000000000e+00
397 1 8.768620773564351e-01 2.094124943141651e-04 1.000000000000000e+00 NA -0.000000000000000e+00
398 1 8.795065766515641e-01 -1.358292447548592e-04 1.000000000000000e+00 NA -0.000000000000000e+00
399 1 8.755483772527015e-01 1.441488930140622e-04 1.000000000000000e+00 NA -0.000000000000000e+00
400 1 8.779672725935694e-01 -9.360498438581999e-05 1.000000000000000e+00 NA -0.000000000000000e+00
401 1 8.823105004037860e-01 -2.787557100418780e-04 1.000000000000000e+00 NA -0.000000000000000e+00
402 1 8.771229235327197e-01 2.907778555254481e-04 1.000000000000000e+00 NA -0.000000000000000e+00
403 1 8.760551093410226e-01 3.294022167210642e-05 1.000000000000000e+00 NA -0.000000000000000e+00
404 1 8.819027380911886e-01 -2.161194906875608e-04 1.000000000000000e+00 NA -0.000000000000000e+00
405 1 8.830725164918487e-01 -2.935680277005304e-05 1.000000000000000e+00 NA -0.000000000000000e+00
406 1 8.819364123154376e-01 5.636276682707830e-06 1.000000000000000e+00 NA -0.000000000000000e+00
407 1 8.824395576603903e-01 -5.361754142541031e-05 1.000000000000000e+00 NA -0.000000000000000e+00
408 1 8.833278814681008e-01 4.843077522309613e-05 1.000000000000000e+00 NA -0.000000000000000e+00
409 1 8.815844166654183e-01 9.537252935842844e-05 1.000000000000000e+00 NA -0.000000000000000e+00
410 1 8.896834017149255e-01 -3.227996749046724e-04 1.000000000000000e+00 NA -0.000000000000000e+00
411 1 8.847728130150593e-01 2.861934851807746e-04 1.000000000000000e+00 NA -0.000000000000000e+00
412 1 8.827604471149433e-01 4.400783950586629e-05 1.000000000000000e+00 NA -0.000000000000000e+00
413 1 8.882445005730633e-01 -2.209185583978979e-04 1.000000000000000e+00 NA -0.000000000000000e+00
414 1 8.822905328617742e-01 1.855839004747395e-04 1.000000000000000e+00 NA -0.000000000000000e+00
415 1 8.831291772987996e-01 8.332336392413708e-06 1.000000000000000e+00 NA -0.000000000000000e+00
416 1 8.859119970918241e-01 -1.047983694206778e-04 1.000000000000000e+00 NA -0.000000000000000e+00
417 1 8.829299290172832e-01 8.076149310909386e-05 1.000000000000000e+00 NA -0.000000000000000e+00
418 1 8.770240449561332e-01 2.976613138798712e-04 1.000000000000000e+00 NA -0.000000000000000e+00
419 1 8.776684760540183e-01 -1.598672249656374e-04 1.000000000000000e+00 NA -0.000000000000000e+00
420 1 8.819775423781082e-01 -1.248949577075109e-04 1.000000000000000e+00 NA -0.000000000000000e+00
421 1 8.842113815713236e-01 -1.090091204787313e-04 1.000000000000000e+00 NA -0.000000000000000e+00
422 1 8.801772447612755e-01 2.004499599479459e-04 1.000000000000000e+00 NA -0.000000000000000e+00
423 1 8.789309407496202e-01 1.055537888987601e-04 1.000000000000000e+00 NA -0.000000000000000e+00
424 1 8.834467945376017e-01 -1.716969663903001e-04 1.000000000000000e+00 NA -0.000000000000000e+00
425 1 8.827006444801992e-01 -5.638514517158910e-05 1.000000000000000e+00 NA -0.000000000000000e+00
426 1 8.823262929267287e-01 1.925250899148523e-05 1.000000000000000e+00 NA -0.000000000000000e+00
427 1 8.828663151894651e-01 -3.293280406069243e-05 1.000000000000000e+00 NA -0.000000000000000e+00
428 1 8.791860954207374e-01 1.056242517734063e-04 1.000000000000000e+00 NA -0.000000000000000e+00
429 1 8.782973378754595e-01 1.862781618910958e-05 1.000000000000000e+00 NA -0.000000000000000e+00
430 1 8.806226598994181e-01 -7.465542762474797e-05 1.000000000000000e+00 NA -0.000000000000000e+00
431 1 8.833142857552422e-01 -5.568649794440717e-05 1.000000000000000e+00 NA -0.000000000000000e+00
432 1 8.865740456162126e-01 -1.678312999047193e-04 1.000000000000000e+00 NA -0.000000000000000e+00
433 1 8.801519543266424e-01 4.142360680816637e-04 1.000000000000000e+00 NA -0.000000000000000e+00
434 1 8.859994684053075e-01 -3.671419128750131e-04 1.000000000000000e+00 NA -0.000000000000000e+00
435 1 8.831331918761050e-01 1.180805898002291e-04 1.000000000000000e+00 NA -0.000000000000000e+00
436 1 8.759280446073632e-01 2.585243796602299e-04 1.000000000000000e+00 NA -0.000000000000000e+00
437 1 8.762270614900654e-01 1.912403331516543e-05 1.000000000000000e+00 NA -0.000000000000000e+00
438 1 8.803207908775816e-01 -1.539724394206132e-04 1.000000000000000e+00 NA -0.000000000000000e+00
439 1 8.818930888390581e-01 3.992822780674032e-05 1.000000000000000e+00 NA -0.000000000000000e+00
440 1 8.795477589706329e-01 1.929672794176440e-05 1.000000000000000e+00 NA -0.000000000000000e+00
441 1 8.758865167625105e-01 2.042052522028825e-04 1.000000000000000e+00 NA -0.000000000000000e+00
442 1 8.852293311178477e-01 -4.168518833012058e-04 1.000000000000000e+00 NA -0.000000000000000e+00
443 1 8.810654273372140e-01 1.131388189605786e-04 1.000000000000000e+00 NA -0.000000000000000e+00
444 1 8.767238006491200e-01 2.146286271909048e-04 1.000000000000000e+00 NA -0.000000000000000e+00
445 1 8.759513011240340e-01 1.833002170315012e-05 1.000000000000000e+00 NA -0.000000000000000e+00
446 1 8.767292915952434e-01 2.326664343854645e-05 1.000000000000000e+00 NA -0.000000000000000e+00
447 1 8.783225216604145e-01 -1.022498827296658e-04 1.000000000000000e+00 NA -0.000000000000000e+00
448 1 8.826375386941605e-01 -1.169399383798009e-04 1.000000000000000e+00 NA -0.000000000000000e+00
449 1 8.780711062718922e-01 2.137802828201529e-04 1.000000000000000e+00 NA -0.000000000000000e+00
450 1 8.778288984591424e-01 -6.504692419184721e-05 1.000000000000000e+00 NA -0.000000000000000e+00
451 1 8.826810382841037e-01 -2.519982353987871e-04 1.000000000000000e+00 NA -0.000000000000000e+00
452 1 8.837737312038009e-01 1.306953822677315e-05 1.000000000000000e+00 NA -0.000000000000000e+00
453 1 8.828799184936168e-01 1.089004035748076e-04 1.000000000000000e+00 NA -0.000000000000000e+00
454 1 8.814869265100087e-01 4.511578163146623e-05 1.000000000000000e+00 NA -0.000000000000000e+00
455 1 8.812399990837394e-01 3.586164621083299e-05 1.000000000000000e+00 NA -0.000000000000000e+00
456 1 8.871574438524477e-01 -2.333451707272616e-04 1.000000000000000e+00 NA -0.000000000000000e+00
457 1 8.841472211587971e-01 1.777872341790498e-04 1.000000000000000e+00 NA -0.000000000000000e+00
458 1 8.851985464491592e-01 1.783947982403333e-05 1.000000000000000e+00 NA -0.000000000000000e+00
459 1 8.857961736445428e-01 -1.638451249164063e-04 1.000000000000000e+00 NA -0.000000000000000e+00
460 1 8.862885662076749e-01 7.547856375822448e-05 1.000000000000000e+00 NA -0.000000000000000e+00
461 1 8.883925707995333e-01 -1.656193601320410e-04 1.000000000000000e+00 NA -0.000000000000000e+00
462 1 8.862968257442240e-01 1.158799354925577e-04 1.000000000000000e+00 NA -0.000000000000000e+00
463 1 8.870134540972479e-01 -5.567513267124014e-05 1.000000000000000e+00 NA -0.000000000000000e+00
464 1 8.848642996909227e-01 3.250982672398095e-05 1.000000000000000e+00 NA -0.000000000000000e+00
465 1 8.806077371300304e-01 1.291045878133446e-04 1.000000000000000e+00 NA -0.000000000000000e+00
466 1 8.836770858910414e-01 -6.881328909003059e-05 1.000000000000000e+00 NA -0.000000000000000e+00
467 1 8.803855798068994e-01 4.439660779098631e-05 1.000000000000000e+00 NA -0.000000000000000e+00
468 1 8.790196396359470e-01 1.326371420873329e-05 1.000000000000000e+00 NA -0.000000000000000e+00
469 1 8.771980776008778e-01 3.735684504135861e-05 1.000000000000000e+00 NA -0.000000000000000e+00
470 1 8.812271532449337e-01 -4.041284114464361e-05 1.000000000000000e+00 NA -0.000000000000000e+00
471 1 8.739172847472552e-01 2.420956814148667e-04 1.000000000000000e+00 NA -0.000000000000000e+00
472 1 8.774998677577598e-01 -9.739253709994955e-05 1.000000000000000e+00 NA -0.000000000000000e+00
473 1 8.817676604508489e-01 -2.205907505867799e-04 1.000000000000000e+00 NA -0.000000000000000e+00
474 1 8.866485899326280e-01 -1.624472436105862e-04 1.000000000000000e+00 NA -0.000000000000000e+00
475 1 8.817683252286584e-01 2.467143381181813e-04 1.000000000000000e+00 NA -0.000000000000000e+00
476 1 8.821839287330002e-01 -1.998250536416890e-05 1.000000000000000e+00 NA -0.000000000000000e+00
477 1 8.800411516607702e-01 1.397953567447985e-04 1.000000000000000e+00 NA -0.000000000000000e+00
478 1 8.774703682249845e-01 5.136584604770178e-06 1.000000000000000e+00 NA -0.000000000000000e+00
479 1 8.776118488858803e-01 -6.393793864845065e-05 1.000000000000000e+00 NA -0.000000000000000e+00
480 1 8.774953421238516e-01 1.010403375403257e-04 1.000000000000000e+00 NA -0.000000000000000e+00
481 1 8.782518502186356e-01 -1.417161001882050e-07 1.000000000000000e+00 NA -0.000000000000000e+00
482 1 8.812283573419363e-01 -1.276873445021920e-04 1.000000000000000e+00 NA -0.000000000000000e+00
483 1 8.768065902507209e-01 2.508664513243275e-04 1.000000000000000e+00 NA -0.000000000000000e+00
484 1 8.777138571212705e-01 -1.218088773384807e-04 1.000000000000000e+00 NA -0.000000000000000e+00
485 1 8.821246578897928e-01 -2.005466467380757e-05 1.000000000000000e+00 NA -0.000000000000000e+00
486 1 8.819008307103444e-01 -4.110666554879572e-05 1.000000000000000e+00 NA -0.000000000000000e+00
487 1 8.834888468633949e-01 -8.221814459830057e-05 1.000000000000000e+00 NA -0.000000000000000e+00
488 1 8.784392515718489e-01 1.805050983421097e-04 1.000000000000000e+00 NA -0.000000000000000e+00
489 1 8.809211853277269e-01 2.051067440334009e-07 1.000000000000000e+00 NA -0.000000000000000e+00
490 1 8.842277142269659e-01 -1.882261890386872e-04 1.000000000000000e+00 NA -0.000000000000000e+00
491 1 8.820578518632587e-01 7.106860539352056e-05 1.000000000000000e+00 NA -0.000000000000000e+00
492 1 8.876381151051691e-01 -2.220584615315602e-04 1.000000000000000e+00 NA -0.000000000000000e+00
493 1 8.769513372128075e-01 3.726302077211585e-04 1.000000000000000e+00 NA -0.000000000000000e+00
494 1 8.810184166243974e-01 -8.388423407268419e-05 1.000000000000000e+00 NA -0.000000000000000e+00
495 1 8.742323544623820e-01 1.943189577104931e-04 1.000000000000000e+00 NA -0.000000000000000e+00
496 1 8.750655357715376e-01 8.185642400349025e-06 1.000000000000000e+00 NA -0.000000000000000e+00
497 1 8.802450355776750e-01 -1.740245156724995e-04 1.000000000000000e+00 NA -0.000000000000000e+00
498 1 8.803177651097671e-01 -3.237982741666201e-05 1.000000000000000e+00 NA -0.000000000000000e+00
499 1 8.828806911739343e-01 -1.000948805085500e-04 1.000000000000000e+00 NA -0.000000000000000e+00
500 1 8.816878886473912e-01 1.461261917938828e-04 1.000000000000000e+00 NA -0.000000000000000e+00
501 1 8.817314152189686e-01 -5.668241510647931e-05 1.000000000000000e+00 NA -0.000000000000000e+00
502 1 8.850702225572216e-01 -2.013636124047480e-04 1.000000000000000e+00 NA -0.000000000000000e+00
503 1 8.855555400871987e-01 -1.772709606484568e-05 1.000000000000000e+00 NA -0.000000000000000e+00
504 1 8.800627790613956e-01 2.164843554055551e-04 1.000000000000000e+00 NA -0.000000000000000e+00
505 1 8.829876851876124e-01 -2.002445776270179e-04 1.000000000000000e+00 NA -0.000000000000000e+00
506 1 8.814887568514269e-01 1.720461941658868e-04 1.000000000000000e+00 NA -0.000000000000000e+00
507 1 8.825776935550862e-01 -4.553927897177346e-05 1.000000000000000e+00 NA -0.000000000000000e+00
508 1 8.783004989667509e-01 2.289036171987391e-04 1.000000000000000e+00 NA -0.000000000000000e+00
509 1 8.791265912831288e-01 2.339681373086933e-05 1.000000000000000e+00 NA -0.000000000000000e+00
510 1 8.779989610560871e-01 -1.308454261561565e-05 1.000000000000000e+00 NA -0.000000000000000e+00
511 1 8.801172974014406e-01 -1.409242827321577e-05 1.000000000000000e+00 NA -0.000000000000000e+00
512 1 8.827169366966852e-01 -2.668796714715427e-04 1.000000000000000e+00 NA -0.000000000000000e+00
513 1 8.786474349892971e-01 2.007666462304769e-04 1.000000000000000e+00 NA -0.000000000000000e+00
514 1 8.818466783833057e-01 -1.061896371084003e-04 1.000000000000000e+00 NA -0.000000000000000e+00
515 1 8.799597653182888e-01 1.835656910316175e-04 1.000000000000000e+00 NA -0.000000000000000e+00
516 1 8.820696374170700e-01 -2.115657389367698e-04 1.000000000000000e+00 NA -0.000000000000000e+00
517 1 8.852883717670239e-01 -8.747542460696422e-05 1.000000000000000e+00 NA -0.000000000000000e+00
518 1 8.814020822738433e-01 2.160062629172899e-04 1.000000000000000e+00 NA -0.000000000000000e+00
519 1 8.853284621851931e-01 -2.555141381890280e-04 1.000000000000000e+00 NA -0.000000000000000e+00
520 1 8.768846917062900e-01 4.239131872054713e-04 1.000000000000000e+00 NA -0.000000000000000e+00
521 1 8.796283567330022e-01 -1.348589587450988e-04 1.000000000000000e+00 NA -0.000000000000000e+00
522 1 8.834525920713661e-01 -1.327592356119567e-04 1.000000000000000e+00 NA -0.000000000000000e+00
523 1 8.819644381113165e-01 6.085071026973310e-05 1.000000000000000e+00 NA -0.000000000000000e+00
524 1 8.841608376549746e-01 -1.339004304554692e-04 1.000000000000000e+00 NA -0.000000000000000e+00
525 1 8.825843234130263e-01 6.965071429476666e-05 1.000000000000000e+00 NA -0.000000000000000e+00
526 1 8.806967609178999e-01 2.030269795341155e-04 1.000000000000000e+00 NA -0.000000000000000e+00
527 1 8.816159163497335e-01 -1.126351539824100e-04 1.000000000000000e+00 NA -0.000000000000000e+00
528 1 8.824667779429323e-01 8.362634844161221e-06 1.000000000000000e+00 NA -0.000000000000000e+00
529 1 8.855565755245137e-01 -2.132520160103013e-04 1.000000000000000e+00 NA -0.000000000000000e+00
530 1 8.844189649320576e-01 1.323736507856665e-04 1.000000000000000e+00 NA -0.000000000000000e+00
531 1 8.889305132344005e-01 -1.579172851506883e-04 1.000000000000000e+00 NA -0.000000000000000e+00
532 1 8.873484591121952e-01 -1.265007085748948e-06 1.000000000000000e+00 NA -0.000000000000000e+00
533 1 8.852346336657755e-01 9.118453249357117e-05 1.000000000000000e+00 NA -0.000000000000000e+00
534 1 8.858377095990793e-01 -2.096544926644128e-05 1.000000000000000e+00 NA -0.000000000000000e+00
535 1 8.833115991437418e-01 4.791897322320438e-05 1.000000000000000e+00 NA -0.000000000000000e+00
536 1 8.823654233836502e-01 4.657166937249713e-05 1.000000000000000e+00 NA -0.000000000000000e+00
537 1 8.803515324903779e-01 1.493347429004643e-04 1.000000000000000e+00 NA -0.000000000000000e+00
538 1 8.822464359007732e-01 -1.891463975880470e-04 1.000000000000000e+00 NA -0.000000000000000e+00
539 1 8.822389532004570e-01 5.341516384760325e-05 1.000000000000000e+00 NA -0.000000000000000e+00
540 1 8.810488046519995e-01 7.073609162944194e-05 1.000000000000000e+00 NA -0.000000000000000e+00
541 1 8.825572459767163e-01 -1.376753164095135e-04 1.000000000000000e+00 NA -0.000000000000000e+00
542 1 8.805626388155832e-01 1.630543547435082e-04 1.000000000000000e+00 NA -0.000000000000000e+00
543 1 8.814777255468074e-01 -6.131388886387867e-05 1.000000000000000e+00 NA -0.000000000000000e+00
544 1 8.805243349786430e-01 6.192227465362521e-05 1.000000000000000e+00 NA -0.000000000000000e+00
545 1 8.809935997956118e-01 6.606987062696135e-05 1.000000000000000e+00 NA -0.000000000000000e+00
546 1 8.796986044265408e-01 -1.353750487851357e-04 1.000000000000000e+00 NA -0.000000000000000e+00
547 1 8.835592138218101e-01 -1.392350654896291e-04 1.000000000000000e+00 NA -0.000000000000000e+00
548 1 8.821984348293773e-01 1.229652220899879e-04 1.000000000000000e+00 NA -0.000000000000000e+00
549 1 8.886416555412169e-01 -2.503414893908484e-04 1.000000000000000e+00 NA -0.000000000000000e+00
550 1 8.788699387785869e-01 4.492338628097059e-04 1.000000000000000e+00 NA -0.000000000000000e+00
551 1 8.792729332535085e-01 -1.356329673853907e-04 1.000000000000000e+00 NA -0.000000000000000e+00
552 1 8.796881408187354e-01 8.361695927305846e-05 1.000000000000000e+00 NA -0.000000000000000e+00
553 1 8.808347254889921e-01 -9.780798359315668e-05 1.000000000000000e+00 NA -0.000000000000000e+00
554 1 8.714374159554259e-01 3.912571007731458e-04 1.000000000000000e+00 NA -0.000000000000000e+00
555 1 8.738473436741716e-01 -9.959689691640961e-05 1.000000000000000e+00 NA -0.000000000000000e+00
556 1 8.789937165322206e-01 -9.719850936562580e-05 1.000000000000000e+00 NA -0.000000000000000e+00
557 1 8.824571624770857e-01 -1.744480068737175e-04 1.000000000000000e+00 NA -0.000000000000000e+00
558 1 8.834640253650728e-01 -4.183694909443147e-05 1.000000000000000e+00 NA -0.000000000000000e+00
559 1 8.816157804746154e-01 1.827400633374054e-04 1.000000000000000e+00 NA -0.000000000000000e+00
560 1 8.813228251343085e-01 4.715383283837582e-05 1.000000000000000e+00 NA -0.000000000000000e+00
561 1 8.792695473161087e-01 -8.676130391904735e-06 1.000000000000000e+00 NA -0.000000000000000e+00
562 1 8.857736592696416e-01 -2.172384292862262e-04 1.000000000000000e+00 NA -0.000000000000000e+00
563 1 8.824515927474987e-01 1.055495556556707e-04 1.000000000000000e+00 NA -0.000000000000000e+00
564 1 8.825375573142695e-01 4.784811153513147e-05 1.000000000000000e+00 NA -0.000000000000000e+00
565 1 8.825180010508069e-01 -2.477020962032839e-05 1.000000000000000e+00 NA -0.000000000000000e+00
566 1 8.825982612653350e-01 5.560684462579957e-05 1.000000000000000e+00 NA -0.000000000000000e+00
567 1 8.843107850569749e-01 -6.939358672752860e-05 1.000000000000000e+00 NA -0.000000000000000e+00
568 1 8.801750660007117e-01 1.787480662187590e-04 1.000000000000000e+00 NA -0.000000000000000e+00
569 1 8.784200042841270e-01 5.859017005604983e-05 1.000000000000000e+00 NA -0.000000000000000e+00
570 1 8.813276202005418e-01 -1.870278847491136e-04 1.000000000000000e+00 NA -0.000000000000000e+00
571 1 8.821988609724080e-01 -2.749261170720274e-05 1.000000000000000e+00 NA -0.000000000000000e+00
572 1 8.830389621952677e-01 -3.884622037730878e-05 1.000000000000000e+00 NA -0.000000000000000e+00
573 1 8.803001871414949e-01 7.985734691828839e-05 1.000000000000000e+00 NA -0.000000000000000e+00
574 1 8.813970404183826e-01 -3.618729010668176e-05 1.000000000000000e+00 NA -0.000000000000000e+00
575 1 8.813198961330713e-01 -1.167761502074427e-05 1.000000000000000e+00 NA -0.000000000000000e+00
576 1 8.826933409394644e-01 -9.674875173004693e-05 1.000000000000000e+00 NA -0.000000000000000e+00
577 1 8.786013402007817e-01 1.745247425333218e-04 1.000000000000000e+00 NA -0.000000000000000e+00
578 1 8.774833571445695e-01 9.892872481032100e-05 1.000000000000000e+00 NA -0.000000000000000e+00
579 1 8.826780014963593e-01 -1.130668219957442e-04 1.000000000000000e+00 NA -0.000000000000000e+00
580 1 8.748741778982182e-01 2.286362635004480e-04 1.000000000000000e+00 NA -0.000000000000000e+00
581 1 8.779264902916488e-01 -1.169341412605718e-04 1.000000000000000e+00 NA -0.000000000000000e+00
582 1 8.757638424918582e-01 1.275139507015410e-04 1.000000000000000e+00 NA -0.000000000000000e+00
583 1 8.816086727232177e-01 -3.513316682983714e-04 1.000000000000000e+00 NA -0.000000000000000e+00
584 1 8.803452644658180e-01 1.950903199485765e-04 1.000000000000000e+00 NA -0.000000000000000e+00
585 1 8.806223085115230e-01 -6.564986483681423e-05 1.000000000000000e+00 NA -0.000000000000000e+00
586 1 8.793699235952706e-01 5.701412214875745e-05 1.000000000000000e+00 NA -0.000000000000000e+00
587 1 8.776339439187926e-01 2.998255399688787e-05 1.000000000000000e+00 NA -0.000000000000000e+00
588 1 8.766197448532185e-01 7.822826364645152e-05 1.000000000000000e+00 NA -0.000000000000000e+00
589 1 8.779920245648688e-01 -4.305915967961482e-05 1.000000000000000e+00 NA -0.000000000000000e+00
590 1 8.791375645102201e-01 -1.106835966311337e-04 1.000000000000000e+00 NA -0.000000000000000e+00
591 1 8.803826273581710e-01 -2.024986224569147e-05 1.000000000000000e+00 NA -0.000000000000000e+00
592 1 8.813442121000292e-01 -2.985075207107002e-05 1.000000000000000e+00 NA -0.000000000000000e+00
593 1 8.861227719658882e-01 -1.316434331783967e-04 1.000000000000000e+00 NA -0.000000000000000e+00
594 1 8.820226734938057e-01 1.074014201094542e-04 1.000000000000000e+00 NA -0.000000000000000e+00
595 1 8.833183668507720e-01 -1.864320556705934e-04 1.000000000000000e+00 NA -0.000000000000000e+00
596 1 8.832347481669520e-01 6.917902942404908e-05 1.000000000000000e+00 NA -0.000000000000000e+00
597 1 8.802606793414999e-01 1.983155652851565e-04 1.000000000000000e+00 NA -0.000000000000000e+00
598 1 8.779875016832988e-01 -3.978160316364665e-05 1.000000000000000e+00 NA -0.000000000000000e+00
599 1 8.789902666709051e-01 3.133267250632343e-05 1.000000000000000e+00 NA -0.000000000000000e+00
600 1 8.794980183086440e-01 3.280818759776594e-05 1.000000000000000e+00 NA -0.000000000000000e+00
601 1 8.792119541482513e-01 1.225892083311919e-05 1.000000000000000e+00 NA -0.000000000000000e+00
602 1 8.831504364366867e-01 -1.534243347123265e-04 1.000000000000000e+00 NA -0.000000000000000e+00
603 1 8.769939545272153e-01 1.665980660163768e-04 1.000000000000000e+00 NA -0.000000000000000e+00
604 1 8.822788021882042e-01 -2.515178064186330e-04 1.000000000000000e+00 NA -0.000000000000000e+00
605 1 8.753455298361567e-01 3.134040430268215e-04 1.000000000000000e+00 NA -0.000000000000000e+00
606 1 8.761588398497118e-01 -4.295546864341304e-05 1.000000000000000e+00 NA -0.000000000000000e+00
607 1 8.811941134270553e-01 -2.782538590508921e-04 1.000000000000000e+00 NA -0.000000000000000e+00
608 1 8.769536027758275e-01 1.715949026674934e-04 1.000000000000000e+00 NA -0.000000000000000e+00
609 1 8.832886183928494e-01 -2.442141076244297e-04 1.000000000000000e+00 NA -0.000000000000000e+00
610 1 8.792799014054632e-01 2.146869926491490e-04 1.000000000000000e+00 NA -0.000000000000000e+00
611 1 8.793713226797705e-01 1.034453407555702e-05 1.000000000000000e+00 NA -0.000000000000000e+00
612 1 8.816660129757266e-01 -6.677870578641887e-05 1.000000000000000e+00 NA -0.000000000000000e+00
613 1 8.763517958118070e-01 2.621145115426771e-04 1.000000000000000e+00 NA -0.000000000000000e+00
614 1 8.761011816883113e-01 -9.167054781755724e-05 1.000000000000000e+00 NA -0.000000000000000e+00
615 1 8.741393923724040e-01 7.338193154282635e-05 1.000000000000000e+00 NA -0.000000000000000e+00
616 1 8.774482729311952e-01 -9.475431261307676e-05 1.000000000000000e+00 NA -0.000000000000000e+00
617 1 8.791380339673807e-01 -4.147704134993546e-05 1.000000000000000e+00 NA -0.000000000000000e+00
618 1 8.855838587225378e-01 -2.719349279232119e-04 1.000000000000000e+00 NA -0.000000000000000e+00
619 1 8.830411520874248e-01 1.015458274196135e-04 1.000000000000000e+00 NA -0.000000000000000e+00
620 1 8.762597886692165e-01 2.533469778427389e-04 1.000000000000000e+00 NA -0.000000000000000e+00
621 1 8.766055019581485e-01 4.950720108354290e-05 1.000000000000000e+00 NA -0.000000000000000e+00
622 1 8.743017957710318e-01 -3.957094872930611e-05 1.000000000000000e+00 NA -0.000000000000000e+00
623 1 8.783846719254994e-01 -7.485504102078266e-05 1.000000000000000e+00 NA -0.000000000000000e+00
624 1 8.788550878923302e-01 4.697319809565670e-06 1.000000000000000e+00 NA -0.000000000000000e+00
625 1 8.785720625500365e-01 -2.415516541987017e-05 1.000000000000000e+00 NA -0.000000000000000e+00
626 1 8.742207922357387e-01 1.807122514492221e-04 1.000000000000000e+00 NA -0.000000000000000e+00
627 1 8.790769878029008e-01 -2.226709968908835e-04 1.000000000000000e+00 NA -0.000000000000000e+00
628 1 8.772427422338718e-01 1.374782482344017e-04 1.000000000000000e+00 NA -0.000000000000000e+00
629 1 8.768655596925998e-01 -1.409954165865202e-05 1.000000000000000e+00 NA -0.000000000000000e+00
630 1 8.761325845582293e-01 5.506653747033852e-05 1.000000000000000e+00 NA -0.000000000000000e+00
631 1 8.787679937851851e-01 -1.343679882666038e-04 1.000000000000000e+00 NA -0.000000000000000e+00
632 1 8.800892325349020e-01 -1.576067279529525e-05 1.000000000000000e+00 NA -0.000000000000000e+00
633 1 8.772635449161631e-01 1.323882788710762e-04 1.000000000000000e+00 NA -0.000000000000000e+00
634 1 8.797490094943458e-01 -6.976924873924872e-05 1.000000000000000e+00 NA -0.000000000000000e+00
635 1 8.813311573490884e-01 -1.558193005166686e-04 1.000000000000000e+00 NA -0.000000000000000e+00
636 1 8.789325956702722e-01 1.594212421878183e-04 1.000000000000000e+00 NA -0.000000000000000e+00
637 1 8.824591072920988e-01 -1.840175068537064e-04 1.000000000000000e+00 NA -0.000000000000000e+00
638 1 8.781013003609233e-01 2.323634573713207e-04 1.000000000000000e+00 NA -0.000000000000000e+00
639 1 8.816747372679177e-01 -1.038909431372304e-04 1.000000000000000e+00 NA -0.000000000000000e+00
640 1 8.840196849158911e-01 -1.833422422805597e-04 1.000000000000000e+00 NA -0.000000000000000e+00
641 1 8.787028427207693e-01 2.288377186232537e-04 1.000000000000000e+00 NA -0.000000000000000e+00
642 1 8.824391879627431e-01 -8.490104210068239e-05 1.000000000000000e+00 NA -0.000000000000000e+00
643 1 8.776950128674423e-01 3.121869440292357e-04 1.000000000000000e+00 NA -0.000000000000000e+00
644 1 8.824316375012954e-01 -2.401109809397894e-04 1.000000000000000e+00 NA -0.000000000000000e+00
645 1 8.802043887646773e-01 7.807786596458755e-05 1.000000000000000e+00 NA -0.000000000000000e+00
646 1 8.750169293984695e-01 2.642837109760876e-04 1.000000000000000e+00 NA -0.000000000000000e+00
647 1 8.815938268568606e-01 -3.605151644023863e-04 1.000000000000000e+00 NA -0.000000000000000e+00
648 1 8.804533199351015e-01 2.816217306644830e-05 1.000000000000000e+00 NA -0.000000000000000e+00
649 1 8.769583606048066e-01 1.428374664556031e-04 1.000000000000000e+00 NA -0.000000000000000e+00
650 1 8.772443092768585e-01 5.458649206957489e-05 1.000000000000000e+00 NA -0.000000000000000e+00
651 1 8.771304963254695e-01 -7.953768567858788e-05 1.000000000000000e+00 NA -0.000000000000000e+00
652 1 8.784258589102607e-01 -7.698620470364403e-05 1.000000000000000e+00 NA -0.000000000000000e+00
653 1 8.731638862162866e-01 3.257024359299976e-04 1.000000000000000e+00 NA -0.000000000000000e+00
654 1 8.737487987959081e-01 -7.456244134118606e-05 1.000000000000000e+00 NA -0.000000000000000e+00
655 1 8.722315823426131e-01 5.954619359727076e-05 1.000000000000000e+00 NA -0.000000000000000e+00
656 1 8.757228496572520e-01 -1.830463172609598e-04 1.000000000000000e+00 NA -0.000000000000000e+00
