t r=1 r=2 r=3 r=4 r=5 r=6 r=7
1    3.193004e-01    1.420786e-01    4.885160e-02    7.435291e-03   -1.395796e-02   -2.384815e-02   -2.684538e-02
2    1.519984e-01    1.563462e-02   -8.486962e-03   -1.367920e-02   -3.770647e-03   -8.109900e-03   -8.597699e-03
3    7.914925e-02    1.381912e-02   -3.149283e-03   -1.771878e-03    8.284955e-03    1.120919e-03    1.508683e-03
4    3.617332e-02   -4.117122e-03   -5.685300e-03    2.929858e-03    9.918253e-03    1.615119e-02   -7.008756e-05
5    1.014292e-02   -6.061917e-03    1.341608e-02    7.872893e-03   -2.262435e-02   -1.955705e-02   -6.345609e-03
6    6.218033e-03    1.152698e-02    1.817476e-02    1.510548e-02   -1.578930e-03    1.560013e-02    2.002594e-03
7    1.101826e-02    2.400662e-02    1.705077e-02    1.955677e-02    1.172195e-02    2.949289e-03    1.050474e-02
8    6.017726e-03    1.545732e-02    5.590647e-03   -9.059657e-03    2.378546e-03   -2.548292e-02   -1.207015e-02
9   -3.938662e-03    6.109089e-03    6.883770e-03   -1.485009e-02   -9.703157e-03   -3.129789e-03    4.187141e-03
10   -4.798435e-03   -7.516347e-03   -1.018690e-02   -8.743009e-03    8.569684e-03   -4.952218e-03    9.942269e-03
11    1.973117e-03   -6.423383e-03    2.114243e-03    1.010180e-03   -5.731855e-03    5.537770e-03   -2.116140e-02
12   -8.167114e-03   -1.406238e-02   -5.972104e-03    3.484028e-03   -2.052237e-02    9.001326e-03   -7.207462e-03
13   -1.539072e-02   -8.994534e-03    1.386064e-02   -1.828511e-03   -5.279379e-03   -4.459233e-03   -3.959481e-03
14   -1.460497e-02   -5.182222e-03    1.351907e-02   -3.049486e-03   -2.574708e-02   -1.082791e-02    3.050979e-03
15   -1.357479e-03    1.198028e-02    4.210815e-03    2.210788e-03    1.198132e-02   -9.814698e-03   -4.203646e-03
