t r=1 r=2 r=3 r=4 r=5 r=6 r=7
1    3.251847e-01    1.607816e-01    7.784063e-02    3.320069e-02    6.620893e-03   -1.143908e-02   -1.840368e-02
2    1.617639e-01    4.898838e-02    1.470340e-02   -4.122324e-03   -8.816592e-03    2.233790e-02    1.845392e-02
3    8.683038e-02    2.363825e-02    7.513336e-03    1.852829e-03    7.539071e-03    6.376816e-03   -1.256788e-02
4    4.852682e-02   -2.466574e-03    2.908635e-03    5.357713e-03    8.856022e-03    1.674532e-02    7.174502e-03
5    3.469855e-02   -1.073184e-02    9.248202e-03   -1.342593e-03   -7.240849e-03   -8.300720e-03    2.134127e-02
6    2.416086e-02   -6.569234e-03    3.014894e-03   -2.071253e-02   -7.173071e-03    9.441159e-03   -5.052896e-03
7    1.387026e-02    1.323102e-04   -2.500964e-04    1.144697e-02   -6.277929e-04   -2.419245e-02   -1.085117e-02
8    1.612970e-02    7.691194e-03    3.564115e-03   -1.909157e-03   -1.138166e-03   -1.749198e-02    1.337029e-02
9    7.907603e-03   -6.643235e-03   -9.862421e-03    4.279150e-03    1.453530e-02    1.552027e-02   -1.019251e-02
10   -1.346509e-02    4.193622e-03   -8.542954e-03    4.153060e-04   -5.665669e-03    8.565172e-03    1.367128e-02
11   -6.271713e-03   -1.636481e-03    9.936998e-03    8.486035e-03   -8.300034e-03   -2.396552e-03    5.679977e-03
12   -1.764354e-02    4.012558e-03   -1.062018e-03   -6.596550e-03    7.945404e-03   -1.499024e-02   -8.091588e-03
13   -2.220584e-02   -1.026550e-02   -8.164356e-03   -7.877282e-03   -8.103758e-03    4.322286e-03   -3.066402e-03
14   -2.298447e-02   -3.004704e-02    4.523786e-03    1.775324e-02    6.358112e-03   -2.186810e-04   -1.636893e-02
15   -1.480482e-02   -4.249781e-02   -9.331060e-03    9.801966e-03   -1.018211e-02    4.982145e-03    6.177849e-03
