t r=1 r=2 r=3 r=4 r=5 r=6 r=7
1    3.241160e-01    1.536798e-01    6.496421e-02    2.009917e-02   -6.245118e-03   -1.808032e-02   -1.785800e-02
2    1.563057e-01    3.399006e-02   -1.091115e-02   -5.344348e-03   -5.169473e-03    1.226945e-02    1.290056e-02
3    7.097967e-02    5.702525e-03    8.546248e-03   -8.383687e-03   -2.066833e-02   -1.029475e-02   -7.507099e-03
4    3.666340e-02   -8.772836e-03    1.876120e-02   -5.385649e-03    7.206464e-03   -3.349559e-03   -1.651599e-03
5    1.759950e-02   -8.408591e-03    1.358967e-02   -5.108383e-03   -1.506697e-02    6.100517e-03   -1.414199e-02
6    1.686550e-03   -1.932942e-02   -1.577803e-02    1.506570e-02    1.088993e-02    1.058556e-02   -3.201771e-02
7   -4.705674e-03    5.454012e-06   -2.550686e-03    5.258260e-04   -9.203978e-03   -4.800516e-03    3.005994e-03
8   -1.265063e-02   -7.272584e-03    4.907551e-03    5.927273e-03    1.336762e-02   -2.187297e-03   -4.968120e-03
9   -1.040524e-02    1.091766e-02   -1.900850e-04    2.766161e-03   -4.816146e-03    8.539295e-03    2.148671e-03
10    1.212832e-02    2.136607e-03   -1.158889e-02   -1.201125e-02   -1.751181e-04   -1.963467e-02   -9.041266e-03
11    2.237736e-02   -2.471107e-02   -8.296174e-03   -3.883129e-03    1.414161e-03   -1.768554e-02    1.458530e-02
12    2.370179e-02    9.636055e-04    1.411566e-02    5.192993e-04   -1.791438e-02    5.896821e-03   -1.987150e-03
13    3.662674e-02   -1.190612e-02   -7.480353e-03   -2.640198e-04    4.022502e-03    6.566315e-03    1.052956e-03
14    3.997493e-02   -7.283152e-03    1.489046e-03    2.523967e-03   -1.307889e-02   -8.331812e-03   -8.053912e-03
15    3.008388e-02   -3.987233e-02   -5.401839e-04    2.644545e-03   -9.190601e-03    1.004934e-03    6.382986e-03
