t C(t)
0 0.0000000000000000e+00
1 2.2994977961835182e-03
2 6.9257661118911958e-04
3 2.7491207962076515e-04
4 1.1142267377398011e-04
5 4.7483819053899959e-05
6 2.2058964919185844e-05
7 1.3072229201568799e-05
8 5.7622962340411941e-06
9 3.6359590938583130e-06
10 1.5762235312885123e-06
11 7.2812679966474709e-07
12 2.9174864109199799e-07
13 2.9796611574138068e-07
14 1.7336669816513546e-07
15 3.3437687477740752e-07
16 3.3863490476578587e-07
17 6.3510578687474775e-07
18 8.6873343658370766e-07
19 1.4670082922502594e-06
20 2.2831039276579364e-06
21 4.4827982381793095e-06
22 6.5059146084136836e-06
23 1.2378225852885665e-05
24 1.9440763688542726e-05
25 3.2754878982863612e-05
26 4.9521814714001113e-05
27 8.3563362695244145e-05
28 1.6359449284253645e-04
29 3.3659160909806784e-04
30 8.1541382657144017e-04
31 2.2273534877828580e-03
