t C(t)
0 0.0000000000000000e+00
1 2.1055110771415579e-03
2 6.1130703930696519e-04
3 2.1892831896062101e-04
4 8.3789530998031115e-05
5 3.7684117910104329e-05
6 1.5077155714050007e-05
7 6.6305412581961947e-06
8 3.9380773342732848e-06
9 2.3982701508523310e-06
10 1.2719247939078426e-06
11 1.0072423485656206e-06
12 6.0317366827918999e-07
13 3.3846028398178598e-07
14 2.7640425226779373e-07
15 1.2662529498569168e-07
16 8.5246220017754193e-08
17 4.9557145393915790e-08
18 5.8460502711008737e-08
19 6.4549241163119506e-08
20 1.0462423698545195e-07
21 2.1110178825542144e-07
22 3.9376618367942507e-07
23 9.0556056963969926e-07
24 2.1143438554988852e-06
25 4.7404072949900646e-06
26 9.8147544793731284e-06
27 2.4946836978699657e-05
28 7.1894310494272139e-05
29 1.9832067780174565e-04
30 6.2465291112692874e-04
31 2.0807832246201303e-03
