t C(t)
0 0.0000000000000000e+00
1 2.0455851948751038e-03
2 6.1993014429493547e-04
3 2.1609551686456146e-04
4 7.0523246864352218e-05
5 2.7704522486543069e-05
6 1.1330980723190478e-05
7 5.2289904347131942e-06
8 2.9052439389489383e-06
9 1.1875516688420127e-06
10 5.8349590490325536e-07
11 2.5430935041790142e-07
12 1.0271291309135390e-07
13 5.0473879569987539e-08
14 1.6411766764868766e-08
15 1.6915161726272434e-08
16 2.2483070219515619e-09
17 1.2240673540865424e-08
18 4.0772870915394887e-09
19 2.4858547671331211e-08
20 2.9494981303110854e-08
21 7.9463252723154289e-08
22 1.9650943488429804e-07
23 5.1754714333787470e-07
24 1.4345284786571421e-06
25 4.0864858180517560e-06
26 9.4744847924601104e-06
27 2.4801446680715760e-05
28 6.5238088749728542e-05
29 2.0260240401784020e-04
30 5.8343163626442659e-04
31 2.1316640575765517e-03
