t C(t)
0 0.0000000000000000e+00
1 2.3159245716340864e-03
2 8.3546563210491352e-04
3 4.5052338425433656e-04
4 2.6648889426027564e-04
5 1.6183620618213170e-04
6 9.2771467217426907e-05
7 7.2810628086910920e-05
8 6.7343844165102697e-05
9 5.3228368222754072e-05
10 6.5676685892699597e-05
11 5.6103733677933817e-05
12 1.0894692701697609e-04
13 1.3766212073394854e-04
14 1.9295478119583028e-04
15 1.5322282402133091e-04
16 3.0493432618324267e-04
17 3.0348108511610837e-04
18 6.1638352232590440e-04
19 6.2341838499461370e-04
20 9.3951339984263318e-04
21 8.6113162928039993e-04
22 1.0290833240245503e-03
23 1.0914658958120712e-03
24 9.6069348196694323e-04
25 1.3062788287768797e-03
26 1.2046158846616859e-03
27 1.3989715276982930e-03
28 1.2528282430451585e-03
29 1.4190686646362552e-03
30 1.5013090088940460e-03
31 2.6881183835294514e-03
