t C(t)
0 0.0000000000000000e+00
1 2.1552593616597552e-03
2 5.8724023234863821e-04
3 1.9290391823334460e-04
4 8.4589984441575011e-05
5 3.3666396384646900e-05
6 1.6217277210701284e-05
7 8.9718101400677535e-06
8 6.1634012575171601e-06
9 4.3899688957457717e-06
10 3.6000805440221442e-06
11 2.6107915033338680e-06
12 3.3972844959560705e-06
13 1.2015441451673043e-06
14 1.9138986781098933e-06
15 4.8807236590757543e-07
16 1.6316722936342593e-06
17 7.1029960491052500e-07
18 2.4401601120359977e-06
19 2.1611494193351144e-06
20 3.8795606463771548e-06
21 3.3903352135341497e-06
22 6.1895418454301215e-06
23 6.9319891830158151e-06
24 1.1819771177923079e-05
25 1.9196149562784721e-05
26 3.3040291264530935e-05
27 6.0693912680680878e-05
28 1.2412777077500879e-04
29 2.8295592399902561e-04
30 6.8947670674162362e-04
31 2.1569767451518362e-03
