t C(t)
0 0.0000000000000000e+00
1 2.2454743601390951e-03
2 7.7106311269847056e-04
3 3.2081460514616863e-04
4 1.4186560542692986e-04
5 7.6944078690906520e-05
6 3.9272628285837079e-05
7 1.9984372049096857e-05
8 9.4493008666804163e-06
9 5.4344350569806330e-06
10 2.2447697417647326e-06
11 1.3736763025531444e-06
12 4.6736604989370245e-07
13 4.2383799451246737e-07
14 8.7656349184933878e-08
15 3.2176026250295444e-07
16 1.1412059209599915e-07
17 5.5774085156631440e-07
18 5.9753168357773083e-07
19 1.4612718073256353e-06
20 2.4745801333025291e-06
21 4.2876526709131363e-06
22 7.3612095604043488e-06
23 1.1540462491456504e-05
24 1.5660147849462110e-05
25 2.8181180508440345e-05
26 4.7392637158608199e-05
27 8.7670761498243402e-05
28 1.6259648695522079e-04
29 3.1433056722898029e-04
30 6.9357598781826315e-04
31 2.1516526843000294e-03
