t C(t)
0 0.0000000000000000e+00
1 2.4190050558471517e-03
2 9.2735868885643195e-04
3 3.8947911555413281e-04
4 2.1979585995501898e-04
5 1.0897158081792530e-04
6 5.1254833987825489e-05
7 2.8225838561209435e-05
8 1.3579444025509742e-05
9 1.1694341363760896e-05
10 5.9214485974440991e-06
11 5.5088674834061055e-06
12 1.4445189967865923e-06
13 2.3331888414012374e-06
14 1.0063576389363260e-06
15 4.4996741614819508e-06
16 5.5172733042919352e-06
17 1.5843567081124647e-05
18 2.5578074409320022e-05
19 5.0120324630293229e-05
20 4.4406386128771225e-05
21 7.1192319487665238e-05
22 8.6987649048963974e-05
23 1.2033939831652007e-04
24 1.2581523965483359e-04
25 1.9685236129974668e-04
26 2.6515558675602630e-04
27 3.9962271038548425e-04
28 4.9741181400896907e-04
29 6.8779844555471746e-04
30 1.2279857779505677e-03
31 2.5795807144413751e-03
