t C(t)
0 0.0000000000000000e+00
1 2.2029827743006982e-03
2 9.2971170567443431e-04
3 4.4402774659016452e-04
4 3.1047487134652188e-04
5 2.6507082024914460e-04
6 1.7123790981259289e-04
7 1.5364135372100587e-04
8 1.0834925004863100e-04
9 8.1598850359553850e-05
10 7.1020389060867623e-05
11 6.1183209968589770e-05
12 6.3586438634883309e-05
13 5.3397977694128216e-05
14 5.7222800273177420e-05
15 3.8124451467939052e-05
16 3.7133960015564987e-05
17 2.4509624429231753e-05
18 3.0102427414906555e-05
19 1.4244317036425995e-05
20 2.7708384642273344e-05
21 2.4295402866415866e-05
22 4.2933342127438884e-05
23 6.5152649536176285e-05
24 8.8679889050262970e-05
25 1.8254625131461862e-04
26 2.0529028576589110e-04
27 3.3399708390350003e-04
28 4.2071874704708662e-04
29 7.3138169036658543e-04
30 8.9383530831642225e-04
31 2.6638802120185633e-03
