t C(t)
0 0.0000000000000000e+00
1 2.0517502635331013e-03
2 6.9687664267540945e-04
3 2.5623796687296871e-04
4 1.1574265023074130e-04
5 5.2607200811866592e-05
6 2.5690196976450013e-05
7 1.4138213945139175e-05
8 7.3354084944439679e-06
9 3.5293171268254860e-06
10 1.9632379663391943e-06
11 8.3245279770469769e-07
12 4.9700842682646522e-07
13 1.7315887677652992e-07
14 1.5525021924885795e-07
15 3.8954301475502716e-08
16 1.0306074755297513e-07
17 4.4314046544139495e-08
18 1.8829012740275025e-07
19 1.8693372403007994e-07
20 4.6698081449196616e-07
21 7.7790990913229103e-07
22 1.4758241293325626e-06
23 2.5679482639540897e-06
24 5.6598949891477761e-06
25 1.1636793878366278e-05
26 2.1663399505536416e-05
27 5.0522790012813246e-05
28 1.0885636351058913e-04
29 2.8603500647243177e-04
30 6.9598790083568373e-04
31 2.1941995129994385e-03
