t C(t)
0 0.0000000000000000e+00
1 2.6711515594995986e-03
2 1.2842969803369333e-03
3 7.5117960138906305e-04
4 5.1305018923462951e-04
5 3.3917109423547162e-04
6 1.8701633874401144e-04
7 1.1243556877257485e-04
8 6.6112699466855564e-05
9 4.6576940227126038e-05
10 3.1890794175884508e-05
11 2.5407273389422126e-05
12 1.2670846421848842e-05
13 1.2310619898519332e-05
14 4.9636769579791893e-06
15 9.3726015453434861e-06
16 5.1960616759564367e-06
17 1.3157275310324607e-05
18 1.1937749942756107e-05
19 1.7967069666374855e-05
20 2.1442794610730187e-05
21 2.1426279298744998e-05
22 3.6874534864626290e-05
23 5.2886274545054749e-05
24 8.2217832634978044e-05
25 1.3175663145272216e-04
26 1.6716201595440720e-04
27 2.8141060720021665e-04
28 3.7454776418642684e-04
29 6.1587673655171861e-04
30 1.3047511278870556e-03
31 2.5963012610994850e-03
