t C(t)
0 0.0000000000000000e+00
1 2.3383879008136437e-03
2 7.7930284253115709e-04
3 4.3386749937070689e-04
4 2.4583922644740160e-04
5 1.0894226442632125e-04
6 5.6463314725509378e-05
7 2.5442993710568890e-05
8 1.0305507853913744e-05
9 4.8246129148354222e-06
10 1.9218814482851005e-06
11 7.8007481735142208e-07
12 3.7367137698849645e-07
13 1.6881272589929702e-07
14 7.8719991410539704e-08
15 4.9775342648861904e-08
16 1.9370098425770943e-08
17 4.4905749259864746e-08
18 4.8343445011377139e-08
19 1.4068167550520301e-07
20 2.6836107208663927e-07
21 7.1727194230433626e-07
22 1.7598716161653790e-06
23 5.0358030414173251e-06
24 1.1391519004050386e-05
25 2.9050910975144204e-05
26 5.8279443839721543e-05
27 1.2443802307408864e-04
28 2.1244763714677183e-04
29 4.0492934479952172e-04
30 8.3956894673767855e-04
31 2.3167379709158401e-03
