t C(t)
0 0.0000000000000000e+00
1 2.1816915154448000e-03
2 6.1432356044410026e-04
3 2.6130869025646041e-04
4 8.8730626222077109e-05
5 3.9689098666117173e-05
6 1.7695232349194622e-05
7 8.0394365022600731e-06
8 4.3914071458906602e-06
9 2.0926862845179493e-06
10 1.4197978634210032e-06
11 6.5613802186531469e-07
12 3.1100500510885847e-07
13 1.7275731479687567e-07
14 1.1595952988051027e-07
15 7.3214967740890438e-08
16 6.5747512378631011e-08
17 5.6555725633724166e-08
18 7.8556068070937157e-08
19 1.5115949862743406e-07
20 2.4882233935754848e-07
21 4.5270468592146716e-07
22 9.5858135098541306e-07
23 2.0220793173511222e-06
24 3.8731792477078843e-06
25 9.3608497793657273e-06
26 1.9801432685846973e-05
27 4.7931907880971044e-05
28 1.1488020181541013e-04
29 2.8496503483377186e-04
30 7.6952182770962318e-04
31 2.0515348902213778e-03
