t C(t)
0 0.0000000000000000e+00
1 2.6715547029988050e-03
2 1.1105219489519068e-03
3 5.2669929600362932e-04
4 3.7907913622444426e-04
5 2.1032574859797880e-04
6 2.1050399180699771e-04
7 1.5426474785374493e-04
8 1.3469937393258385e-04
9 8.2867747254916261e-05
10 8.0621331125018978e-05
11 6.1710638486881032e-05
12 4.7155265255075261e-05
13 2.6584845988689209e-05
14 2.8423115826453394e-05
15 1.1792419699946710e-05
16 1.8482179650804290e-05
17 5.8879293297378148e-06
18 1.7614397493147732e-05
19 9.1142000541843774e-06
20 1.9486802775506016e-05
21 1.0394853887044760e-05
22 2.1224517689831685e-05
23 1.5728952965665024e-05
24 3.4372545884174495e-05
25 3.8293725051522606e-05
26 7.0990084653042249e-05
27 8.3833769202946531e-05
28 1.7004048036371787e-04
29 2.6554120717593851e-04
30 7.3249812910502500e-04
31 2.4495377605400735e-03
