t C(t)
0 0.0000000000000000e+00
1 2.0680944241225439e-03
2 7.0109511711614642e-04
3 2.7804822492498671e-04
4 1.2294214879803186e-04
5 6.3798279822030674e-05
6 3.9836062148682836e-05
7 2.1957986731839621e-05
8 1.5974378887170492e-05
9 7.3699294201710362e-06
10 4.1535555823464512e-06
11 2.1801079440429333e-06
12 8.7823020246322685e-07
13 3.5172546032800407e-07
14 2.2140531196155811e-07
15 1.1199105862214784e-07
16 1.3267209461326062e-07
17 1.5972269656576146e-07
18 2.6033857002963039e-07
19 4.7245260319961141e-07
20 6.8584866182768532e-07
21 1.4668754023803428e-06
22 2.5565631185200262e-06
23 4.8699653896659869e-06
24 9.4250413696531395e-06
25 1.8174142748803733e-05
26 3.8241467133461804e-05
27 6.8043622980286511e-05
28 1.3079847143944960e-04
29 2.9998355186469498e-04
30 7.3693383613845486e-04
31 2.0885962366825580e-03
