t C(t)
0 0.0000000000000000e+00
1 2.1357558076105388e-03
2 9.1442853873022656e-04
3 4.8222170275641720e-04
4 2.3276948065740466e-04
5 1.5212777676607339e-04
6 7.0360278262830920e-05
7 2.6311670829448271e-05
8 9.2795498048180539e-06
9 4.1884581408903062e-06
10 1.5643324273718441e-06
11 7.5106606414226673e-07
12 2.8279564945430746e-07
13 1.5213279819744509e-07
14 4.9715423162555811e-08
15 5.3399606034541145e-08
16 2.2304160563960195e-08
17 8.0573160119264503e-08
18 1.0622633088704634e-07
19 3.2062077271027102e-07
20 5.3996149239174796e-07
21 1.3494378603738885e-06
22 2.5538682598452355e-06
23 4.9591937404912762e-06
24 1.0668651659704439e-05
25 2.1916734064014606e-05
26 4.4726702654946717e-05
27 7.8356518709353160e-05
28 1.6120985646493158e-04
29 3.1908419794857298e-04
30 7.3027910659824924e-04
31 2.2043202803033123e-03
