t C(t)
0 0.0000000000000000e+00
1 1.9930064050393127e-03
2 6.5509698363190897e-04
3 2.1524199200947757e-04
4 8.1594618478832254e-05
5 3.2165361454381333e-05
6 1.2876444796327913e-05
7 6.1409047962570253e-06
8 2.7555731866463394e-06
9 9.9319036681681999e-07
10 3.8584085679876599e-07
11 1.4930173920631105e-07
12 6.2593945183319327e-08
13 2.9944276883824805e-08
14 1.2012665486359276e-08
15 9.2034795628201774e-09
16 2.6390859622713329e-09
17 5.3194636092244916e-09
18 4.4423080439343052e-09
19 1.3312299543081771e-08
20 2.3307620407975670e-08
21 5.8702523172029404e-08
22 1.4137474503705497e-07
23 3.7222822328705486e-07
24 9.4396538294438263e-07
25 2.7913262023480850e-06
26 7.6267100019932126e-06
27 2.2025589947027522e-05
28 6.3510376699302753e-05
29 1.8188177455211808e-04
30 5.8286833184382700e-04
31 1.9780053146218764e-03
