t C(t)
0 0.0000000000000000e+00
1 2.5041551045843157e-03
2 7.6901351622298095e-04
3 3.4327512849488268e-04
4 1.5374532635366317e-04
5 8.4363193050953429e-05
6 3.8748933750663022e-05
7 1.7997870146725267e-05
8 8.4117525926422039e-06
9 3.0612630509701041e-06
10 1.3291537708546443e-06
11 5.7131963115106843e-07
12 3.1964888694244921e-07
13 1.4830565682317852e-07
14 7.7786324122273153e-08
15 3.2839012830344417e-08
16 3.1804807060981258e-08
17 3.6506464456137418e-08
18 7.2964276267584563e-08
19 1.2356177130435209e-07
20 2.8194643191347858e-07
21 4.7794676695127267e-07
22 1.1157850430766673e-06
23 2.1994724185489379e-06
24 4.4905031050547541e-06
25 9.8591164873647370e-06
26 2.0478354560823717e-05
27 4.4192470484556770e-05
28 9.7960921094468280e-05
29 2.3088375073519014e-04
30 6.1491512504283519e-04
31 2.0975927855110192e-03
