t C(t)
0 0.0000000000000000e+00
1 2.5354100545205882e-03
2 8.8993944503808545e-04
3 5.1257322157047974e-04
4 2.4781289440309502e-04
5 1.7639050574627053e-04
6 1.3646798596192794e-04
7 9.0222697655624194e-05
8 5.3221752050512703e-05
9 3.6958334163845806e-05
10 2.0163531728512573e-05
11 1.4021136840246217e-05
12 5.4535353941214355e-06
13 5.1789875461375948e-06
14 7.6361012473174877e-07
15 4.4347368772876591e-06
16 7.0910442957266202e-07
17 5.8157313878635938e-06
18 2.3049735389521848e-06
19 9.8260374003554893e-06
20 8.7389965446452763e-06
21 1.7507982334492298e-05
22 1.5385806664909761e-05
23 3.0609851882073087e-05
24 3.7109482025582338e-05
25 6.9855242620979935e-05
26 9.1635653849221496e-05
27 1.4434565998367233e-04
28 2.6805446115688361e-04
29 5.7362964403329965e-04
30 1.0765805997235843e-03
31 2.8898980194049877e-03
