t C(t)
0 0.0000000000000000e+00
1 2.0520623145342393e-03
2 6.9569386548262062e-04
3 2.8890721782187130e-04
4 1.3166408247870559e-04
5 5.4261103233247974e-05
6 2.6176519726429721e-05
7 1.1596251871382812e-05
8 4.9721790610458632e-06
9 2.3466218956705456e-06
10 9.0428756569039439e-07
11 4.2607841016862469e-07
12 1.7473197010180037e-07
13 1.6931576377713769e-07
14 5.4050376674170250e-08
15 8.6542625209087157e-08
16 2.7724228443412196e-08
17 7.6492730035385723e-08
18 3.1551347843533937e-08
19 1.0933867289113402e-07
20 1.0905811987402174e-07
21 2.2164166244712483e-07
22 4.3547108210931487e-07
23 9.4479311358944773e-07
24 1.9868710732725371e-06
25 5.3515449257155393e-06
26 1.4788735196270795e-05
27 3.7647896077833727e-05
28 8.8947983595066873e-05
29 2.2783671427127814e-04
30 6.0393677749157743e-04
31 2.0782649565181202e-03
