t C(t)
0 0.0000000000000000e+00
1 2.0289527024180704e-03
2 6.0463613091978985e-04
3 2.1154897974708242e-04
4 7.7311991264071550e-05
5 2.8130124110656004e-05
6 1.3538402218580678e-05
7 5.1805716356065803e-06
8 2.4199140855695137e-06
9 1.0658960279225579e-06
10 5.2345023570551931e-07
11 1.8692595365416630e-07
12 1.3085912851531124e-07
13 3.3961065248294506e-08
14 5.7872438107986693e-08
15 1.2390676855471714e-08
16 8.0714427896534457e-08
17 7.6006394062644676e-08
18 2.1452255840691850e-07
19 3.3018367238004525e-07
20 5.9977634667898163e-07
21 1.0500863210486338e-06
22 1.9700310707331028e-06
23 3.6636138953326642e-06
24 6.3787514291107857e-06
25 1.1503278703411140e-05
26 2.2209824036216812e-05
27 3.6986136594914207e-05
28 8.7861726599984205e-05
29 2.0875133718088534e-04
30 6.1007296178070317e-04
31 2.0623095833186265e-03
