t C(t)
0 0.0000000000000000e+00
1 2.1957457046412345e-03
2 9.8385313253374269e-04
3 5.0189052361035555e-04
4 3.8890850767582893e-04
5 3.1891810302918979e-04
6 2.0979544525162106e-04
7 1.5178163081807147e-04
8 1.0296490050987699e-04
9 7.8612285479035457e-05
10 4.6563065910905234e-05
11 2.7137326615654696e-05
12 1.8031998028667997e-05
13 1.3400349427367380e-05
14 5.7017343103747190e-06
15 5.8834681091687170e-06
16 1.8242766661877791e-06
17 3.0432059814524493e-06
18 4.0418326635791869e-07
19 2.4452311599550554e-06
20 1.4220610631472887e-06
21 5.6229107849574438e-06
22 7.1586655700012002e-06
23 1.6141345122054260e-05
24 2.2833976776745902e-05
25 4.1271126518749441e-05
26 6.3851011180897051e-05
27 1.2415757345074263e-04
28 1.7168719804453586e-04
29 3.6728456474084708e-04
30 8.5513301166262302e-04
31 2.2098090648031074e-03
