t C(t)
0 0.0000000000000000e+00
1 2.1829556463878008e-03
2 6.1926799222699160e-04
3 2.0414529957331597e-04
4 7.3173096335001485e-05
5 3.2838046133634022e-05
6 1.4335730927641051e-05
7 6.8544451314304074e-06
8 3.2809717796194515e-06
9 1.4335906039541646e-06
10 7.2148169960096828e-07
11 3.1035388657686002e-07
12 1.4630129861504942e-07
13 6.1118988624811302e-08
14 4.8558497617550228e-08
15 3.8227977379289356e-08
16 6.1944679857920672e-08
17 8.9179058668776431e-08
18 2.1059695045827121e-07
19 3.7443927908115464e-07
20 6.8123357718930368e-07
21 1.2002880996416509e-06
22 2.0052087341097119e-06
23 3.4850995935108303e-06
24 5.6623694459602688e-06
25 1.0754178547489526e-05
26 2.1191267148455261e-05
27 4.3679711327114107e-05
28 1.0380710674079927e-04
29 2.4472010600115705e-04
30 6.5272327566127995e-04
31 2.0840278215690502e-03
