t C(t)
0 0.0000000000000000e+00
1 2.1564052236988920e-03
2 1.1690606887265538e-03
3 7.1398078461311658e-04
4 7.2604806016146627e-04
5 9.4771898868623613e-04
6 1.0277681453496374e-03
7 7.8653173434271775e-04
8 7.7967701086283905e-04
9 7.2843620734817786e-04
10 5.8376690227607806e-04
11 4.0153771382981268e-04
12 3.6276867369526989e-04
13 3.5026917632722821e-04
14 2.6220118410185712e-04
15 1.4853893215494092e-04
16 1.2606111261514696e-04
17 1.0611467480664980e-04
18 1.2083052405710364e-04
19 1.2918948903839736e-04
20 1.4543498493295033e-04
21 1.4993430572763432e-04
22 2.0211372110777524e-04
23 2.2338878138249764e-04
24 3.3359586949459704e-04
25 3.5874869282797315e-04
26 3.7204673460345295e-04
27 4.1760133965127409e-04
28 4.1374064067738837e-04
29 6.1222358977812874e-04
30 1.0046958003328630e-03
31 2.4346758809886990e-03
