t C(t)
0 0.0000000000000000e+00
1 2.3729233487419219e-03
2 9.7994010349285068e-04
3 5.0293690927676331e-04
4 3.1890290607580177e-04
5 1.8783018531707258e-04
6 1.2801825610673533e-04
7 9.3616971969334560e-05
8 5.2835546569152017e-05
9 5.5633722758943197e-05
10 2.4105776917542457e-05
11 3.2606992473269894e-05
12 1.2644990972553097e-05
13 3.7723197012929419e-05
14 2.3976312762917743e-05
15 5.3848495932896404e-05
16 3.7959602484205328e-05
17 6.1670466060409325e-05
18 3.9471843461071226e-05
19 6.5440938899524110e-05
20 3.1286454743467164e-05
21 6.1888804341503952e-05
22 3.5119196877275123e-05
23 5.7380859719218982e-05
24 3.7851647268979978e-05
25 8.0127169852164533e-05
26 7.9785129204814229e-05
27 1.2155770806251346e-04
28 1.7330466712508517e-04
29 3.1053724231825492e-04
30 7.1678050358668025e-04
31 2.1437223750631934e-03
