t C(t)
0 0.0000000000000000e+00
1 2.1645626770803658e-03
2 8.0071634132239475e-04
3 3.0181237845052010e-04
4 1.5899882701417937e-04
5 8.2413176083657080e-05
6 5.0522443168828534e-05
7 2.4839896002211466e-05
8 1.2876972352743602e-05
9 7.3481228358871534e-06
10 3.5649938590263741e-06
11 3.4707664315649911e-06
12 1.5718243360212299e-06
13 2.9347161724092908e-06
14 3.4348436292076953e-06
15 6.4504100324411492e-06
16 6.4659219067408352e-06
17 1.1844245206468989e-05
18 9.8999204128682577e-06
19 1.8530861677754523e-05
20 1.6845447533609359e-05
21 2.0431053995469352e-05
22 1.9840407220823844e-05
23 2.5157040753313542e-05
24 2.5484000615380758e-05
25 2.8296909303434430e-05
26 3.6668807796293556e-05
27 5.7851708448586022e-05
28 1.1681332501854896e-04
29 2.4763226861819183e-04
30 6.5739572269589886e-04
31 2.0776625841914063e-03
