t C(t)
0 0.0000000000000000e+00
1 2.2863418181374787e-03
2 1.0475507851284266e-03
3 5.7728883387845903e-04
4 3.7716463525028134e-04
5 2.5725171126569153e-04
6 1.7982978834993473e-04
7 1.2607555268921453e-04
8 1.0560359138434119e-04
9 7.6638901065408614e-05
10 5.4475033561327995e-05
11 3.8199686435891599e-05
12 3.1462863236031001e-05
13 1.8681221129080066e-05
14 1.2487575115795064e-05
15 7.0096722539551474e-06
16 8.5691621233078346e-06
17 9.0574568941299601e-06
18 1.5407325831065274e-05
19 2.2094305170637294e-05
20 3.8654928810343896e-05
21 5.8507376510246599e-05
22 8.4032922648795050e-05
23 1.0285733401900101e-04
24 1.2525630139044111e-04
25 1.2915955124402531e-04
26 1.7268710162429227e-04
27 2.5949662067567406e-04
28 3.6134206696236264e-04
29 4.8255964120103522e-04
30 8.3784853066022050e-04
31 2.2090537023012257e-03
