t C(t)
0 0.0000000000000000e+00
1 2.3554145881156279e-03
2 8.0035166721428202e-04
3 3.4620320881702834e-04
4 2.0990173220870694e-04
5 1.1086308038812098e-04
6 8.1841464363701562e-05
7 4.2174587267763173e-05
8 2.0507696297711762e-05
9 1.0162692155112119e-05
10 4.5415456063869841e-06
11 2.0847040990668430e-06
12 9.9617562305310142e-07
13 5.6248468218470033e-07
14 2.2080935103017918e-07
15 2.4271228197044390e-07
16 7.0587644977800622e-08
17 1.5045829364984104e-07
18 1.1739131115111109e-07
19 3.0930664454634648e-07
20 3.9847738037622819e-07
21 8.9023045777410597e-07
22 1.3762715833225741e-06
23 2.8464361212494978e-06
24 5.3140784066781163e-06
25 1.2424001843540252e-05
26 2.3644157736772929e-05
27 5.2015012335509637e-05
28 1.2177657118304511e-04
29 3.0615061445922925e-04
30 8.3064419023089848e-04
31 2.3400310689541005e-03
