t C(t)
0 0.0000000000000000e+00
1 2.8637704507714704e-03
2 1.9908119133657735e-03
3 1.4303455953424320e-03
4 1.3532429541024276e-03
5 1.0722681387701392e-03
6 4.7059299598402950e-04
7 4.6224031292253537e-04
8 2.4309461793478062e-04
9 2.2039141664075430e-04
10 1.6820564336129069e-04
11 1.4072791904529868e-04
12 1.0032881464097044e-04
13 7.8124991543211130e-05
14 6.1821448538009784e-05
15 3.8593969978673616e-05
16 3.1142185231297912e-05
17 2.0656437843510682e-05
18 2.4695361145281994e-05
19 1.8629174682828912e-05
20 2.4816303736751334e-05
21 2.1159788794910054e-05
22 2.7287225729996084e-05
23 3.6336288118330957e-05
24 5.6152004067459003e-05
25 8.2824454408228580e-05
26 1.0997098375584772e-04
27 2.1671585408206899e-04
28 3.8028257146143320e-04
29 6.4874119337516667e-04
30 1.1795263654692371e-03
31 2.6259396356676616e-03
