t C(t)
0 0.0000000000000000e+00
1 2.4188726030772373e-03
2 9.1779132918279956e-04
3 4.1729010817687708e-04
4 1.8404930507355619e-04
5 8.9540327136841772e-05
6 4.5495872240517996e-05
7 2.5100102726679546e-05
8 1.0298270546448768e-05
9 6.2721482511678636e-06
10 3.0070105707489577e-06
11 1.3486622569169129e-06
12 6.8882579607682393e-07
13 3.5878832933300192e-07
14 2.5072074181690181e-07
15 9.3076650270625049e-08
16 1.0843843101177144e-07
17 1.5732749377191202e-08
18 1.1541904917256547e-07
19 1.0069505259475742e-07
20 3.6638422692619289e-07
21 7.2100220640984612e-07
22 1.4284742323457126e-06
23 3.3524980043298237e-06
24 6.9037469392291840e-06
25 1.2779838475396547e-05
26 2.7993128697141341e-05
27 5.2658218239699929e-05
28 1.3179482342082167e-04
29 2.8646000407561381e-04
30 6.7968662431393116e-04
31 2.1661709236350649e-03
