t C(t)
0 0.0000000000000000e+00
1 2.2513109770111116e-03
2 8.0870068724289549e-04
3 3.6159567726990897e-04
4 2.3874910756354362e-04
5 1.1644317002330836e-04
6 9.1236596137404203e-05
7 5.7489981073836175e-05
8 3.5488642464598614e-05
9 2.0083923684958389e-05
10 1.1382577877944511e-05
11 8.1998579294792718e-06
12 5.9391725001327601e-06
13 2.5369195372932562e-06
14 3.3427486280786648e-06
15 5.5146688890974874e-07
16 2.3761125067502339e-06
17 4.3976058760973574e-07
18 2.8944072384455774e-06
19 3.0045304912853713e-06
20 7.7283197065740549e-06
21 7.2438314837718418e-06
22 1.0479506690942937e-05
23 1.1180876197848364e-05
24 1.8010351715859066e-05
25 2.5739080072743780e-05
26 4.3039306582712572e-05
27 8.2133894194271126e-05
28 1.4951047472186433e-04
29 3.1341015174623013e-04
30 7.3457998768011821e-04
31 2.2701567400333278e-03
