t C(t)
0 0.0000000000000000e+00
1 2.2479648796607855e-03
2 7.8053429394655334e-04
3 2.8573895330279408e-04
4 1.2437732550472187e-04
5 5.4948150806113829e-05
6 2.6784748591039851e-05
7 1.3564085411528000e-05
8 6.4360997078344096e-06
9 3.5450892468884629e-06
10 1.9775576148510637e-06
11 1.1756209282945533e-06
12 4.8495272081038811e-07
13 2.5604642144608874e-07
14 1.0492678724275592e-07
15 8.6012155597700245e-08
16 4.0865705488068939e-08
17 1.0063037684552634e-07
18 1.0560418775293798e-07
19 2.0800343912165655e-07
20 3.3163992205508727e-07
21 5.2680659008004722e-07
22 8.8831533644916090e-07
23 1.9646008414024158e-06
24 3.9820804651302111e-06
25 9.7830243842542604e-06
26 1.9670248965360636e-05
27 4.9698103331732166e-05
28 1.0037168134512723e-04
29 2.5025816257742922e-04
30 6.6004367600177671e-04
31 2.2193845458825020e-03
