t C(t)
0 0.0000000000000000e+00
1 2.2801861375730962e-03
2 6.1013535496862506e-04
3 1.7904213387631997e-04
4 5.9176598965400882e-05
5 2.3428828593370230e-05
6 7.9752292139945754e-06
7 3.5335692965346916e-06
8 1.2652175281246992e-06
9 4.2787547724923282e-07
10 1.5566324507842048e-07
11 6.9696480911964559e-08
12 2.3668305041435507e-08
13 1.1692725516557447e-08
14 3.1218204008185304e-09
15 3.4205147505708519e-09
16 1.1143018570381797e-09
17 5.0878605532688267e-09
18 9.5057714460589244e-09
19 2.5562249800962429e-08
20 6.4874541717821015e-08
21 1.6875681026459790e-07
22 3.8433894887695064e-07
23 9.0405636004583151e-07
24 2.2919093575328608e-06
25 4.6180933756643492e-06
26 1.1456226240529152e-05
27 2.5380007794099636e-05
28 6.2072197794624237e-05
29 1.7924049716021024e-04
30 5.5969143225435402e-04
31 2.1672778738711673e-03
