t C(t)
0 0.0000000000000000e+00
1 2.0507013561150344e-03
2 5.9526103013963474e-04
3 2.0299022885671532e-04
4 7.7089883791589723e-05
5 3.4833608109321311e-05
6 1.5947207055420215e-05
7 7.5311054023650361e-06
8 4.0671812485143815e-06
9 1.8046422594287420e-06
10 1.1324153057170283e-06
11 5.2945769486376601e-07
12 2.7381475336883417e-07
13 1.7221868115283695e-07
14 8.6537504512810956e-08
15 6.7409190888202116e-08
16 2.2836057892571081e-08
17 5.1929770046997539e-08
18 4.2798722004342277e-08
19 1.1561365632690253e-07
20 2.0344180745163952e-07
21 5.0066879451194525e-07
22 1.0126752717789044e-06
23 2.2504512559761451e-06
24 5.0493097411383397e-06
25 1.0197412400472376e-05
26 2.3619985563233088e-05
27 5.2067791867098973e-05
28 1.0641626492284288e-04
29 2.5636826917640158e-04
30 7.0211063448058855e-04
31 2.3113290226159781e-03
