t C(t)
0 0.0000000000000000e+00
1 2.1218487797017471e-03
2 6.6827535759658252e-04
3 2.4579066669445145e-04
4 1.0209341333021477e-04
5 4.5168225780364292e-05
6 1.8267671998051460e-05
7 8.9311887739013769e-06
8 3.5140204485619608e-06
9 1.4517533653669132e-06
10 6.2328050016685408e-07
11 2.5860934105218263e-07
12 9.7435657523210875e-08
13 4.1556621283797358e-08
14 1.3896195869434757e-08
15 1.0525788943589675e-08
16 7.7512546510445309e-09
17 2.0626044231739105e-08
18 4.3448878149903353e-08
19 9.8473827515726565e-08
20 2.4004273857599294e-07
21 5.5480992004912754e-07
22 1.2702190293873268e-06
23 2.7485798834237229e-06
24 6.2251769104884293e-06
25 1.2946635646351684e-05
26 2.6650956432012593e-05
27 5.6086602336431429e-05
28 1.1994419477848119e-04
29 2.7915807446646495e-04
30 7.3728469997958487e-04
31 2.1741315301046773e-03
