t C(t)
0 0.0000000000000000e+00
1 2.2356563839158968e-03
2 7.2598983589415350e-04
3 2.5558570725320746e-04
4 8.9881355940839495e-05
5 3.5543984790380653e-05
6 1.4147584554079621e-05
7 5.7684800775662148e-06
8 2.8519201595278825e-06
9 1.1898414067953503e-06
10 6.1435244524899589e-07
11 2.6770010229043097e-07
12 1.3237758872716112e-07
13 8.3558517732385273e-08
14 2.7854598791792103e-08
15 2.6511230129911735e-08
16 4.0659398478903500e-09
17 2.4956407401121719e-08
18 2.1503567411643626e-08
19 6.9011868668464208e-08
20 1.2362507111521900e-07
21 3.5102054919500563e-07
22 8.3241726932011940e-07
23 2.1588856176379984e-06
24 4.9653107486295269e-06
25 1.1296543648331165e-05
26 2.6091862712201700e-05
27 5.6841592565139718e-05
28 1.3266237287523280e-04
29 2.7281487536522461e-04
30 7.3375249980625558e-04
31 2.2230011577819672e-03
