t C(t)
0 0.0000000000000000e+00
1 2.0274955802115132e-03
2 6.0262721157016178e-04
3 2.0321956935904015e-04
4 8.4419502789571038e-05
5 4.2985090365484439e-05
6 1.8541419154270050e-05
7 9.3426054445578762e-06
8 6.6571880514699842e-06
9 3.8426582208798395e-06
10 1.6950724787037874e-06
11 8.8618114812525637e-07
12 3.4919889833598335e-07
13 1.5855134658724806e-07
14 7.0480903614063589e-08
15 3.3461543348742214e-08
16 1.7050594750338179e-08
17 1.5326396156685539e-08
18 2.3598679091793396e-08
19 4.7647124152331513e-08
20 1.0523360107278969e-07
21 2.4547492176702740e-07
22 5.8371060866293273e-07
23 1.3323068217008916e-06
24 2.7562039624678923e-06
25 6.2052414284050082e-06
26 1.3059197971914856e-05
27 3.1654429810950752e-05
28 8.5892896608308171e-05
29 2.2006391979647341e-04
30 6.4268066422479872e-04
31 1.9743711774926854e-03
