t C(t)
0 0.0000000000000000e+00
1 2.5759946179294540e-03
2 1.0135857664743510e-03
3 5.7133081332882442e-04
4 3.3257529336047029e-04
5 2.1348111557578401e-04
6 1.2892203672154425e-04
7 7.2419551717924438e-05
8 4.0150151617542692e-05
9 1.8721942983343286e-05
10 6.6974506386192824e-06
11 3.5701312200391618e-06
12 7.5668301716198680e-07
13 1.2943567658555313e-06
14 2.1409661359301035e-07
15 2.0841097533724101e-06
16 2.2301848600492397e-06
17 5.2059483684925756e-06
18 6.2573216975209596e-06
19 1.3707431200990710e-05
20 2.0541875161995308e-05
21 3.5918864332085624e-05
22 5.8618226292555576e-05
23 9.5851811662147216e-05
24 1.1663236460355003e-04
25 1.3145158035164262e-04
26 2.1795482053228900e-04
27 1.9985176908958501e-04
28 4.2424651760917344e-04
29 5.2995480393366802e-04
30 1.1266967080845755e-03
31 2.5895813551084410e-03
