t C(t)
0 0.0000000000000000e+00
1 2.3774216090990050e-03
2 1.0045208343315980e-03
3 5.9279214407542723e-04
4 4.5813777757150405e-04
5 2.9084840513333515e-04
6 4.5147626889686498e-04
7 3.0369687238427723e-04
8 2.4228264648534916e-04
9 1.6464744091320842e-04
10 1.4531768000201726e-04
11 6.1679531319811163e-05
12 7.8986918927753693e-05
13 2.2837998961137581e-05
14 4.7227963809066682e-05
15 1.1165132990057335e-05
16 4.5581707561795195e-05
17 1.3085769487446800e-05
18 5.9431465590977346e-05
19 3.8133981069852103e-05
20 9.4134262793820562e-05
21 9.9355485501468550e-05
22 1.9731457087366594e-04
23 2.0787873052377642e-04
24 3.0611212290605500e-04
25 3.0799592205479117e-04
26 4.2611182823244895e-04
27 4.5209165349241530e-04
28 6.4281810005209863e-04
29 5.8515284043285419e-04
30 1.1787441190428966e-03
31 2.2724341520977379e-03
