t C(t)
0 0.0000000000000000e+00
1 2.1627289115271546e-03
2 7.1346578154816087e-04
3 2.6580429553399107e-04
4 8.9413297389143889e-05
5 3.5192440807070686e-05
6 1.2139406935883856e-05
7 4.3862136139435767e-06
8 1.6236355788270261e-06
9 5.6383229359677594e-07
10 2.3391139698473797e-07
11 8.1909196061330974e-08
12 3.1739765126956209e-08
13 1.1730633320876396e-08
14 7.3581406930883259e-09
15 3.6971480481810733e-09
16 8.7430967977773909e-09
17 1.2960139094198350e-08
18 3.3731432340541488e-08
19 7.2180671295400716e-08
20 1.6109949159475068e-07
21 3.9254213443212784e-07
22 9.2470081785754951e-07
23 1.7524781868309038e-06
24 3.8928520457296783e-06
25 8.2330901197252409e-06
26 2.0483148618291698e-05
27 4.0111823775119234e-05
28 1.0169370514368565e-04
29 2.3198388836239447e-04
30 6.0691485246451148e-04
31 2.0108895857322896e-03
