t C(t)
0 0.0000000000000000e+00
1 2.4899180166499243e-03
2 7.9849401331591051e-04
3 3.2866196599837347e-04
4 1.3465048047075776e-04
5 6.2875314127890973e-05
6 2.9278936289169334e-05
7 1.3389550945171985e-05
8 6.3995936176348619e-06
9 2.9192267981423781e-06
10 1.5855284426841629e-06
11 6.3653029247785633e-07
12 4.4095943730400496e-07
13 1.1804156202670288e-07
14 2.1655674193981615e-07
15 9.4831032227940332e-08
16 2.5058550457979852e-07
17 2.0479612347482671e-07
18 6.5166561846199543e-07
19 9.3647197389517399e-07
20 2.0542546037970611e-06
21 4.6211580339787436e-06
22 8.0200812637002447e-06
23 1.6283931848350019e-05
24 2.2389483238582374e-05
25 3.6171539312470899e-05
26 5.8649173866779346e-05
27 1.0514894846108055e-04
28 1.8551548460170718e-04
29 4.2620639791470590e-04
30 8.6378962194033897e-04
31 2.3665178002794892e-03
