t C(t)
0 0.0000000000000000e+00
1 2.0551831605470500e-03
2 5.5713673577544671e-04
3 1.9680528056583086e-04
4 6.5642412919481003e-05
5 2.8970154224468393e-05
6 1.0062317350627122e-05
7 3.8851886888748319e-06
8 1.4054978862668892e-06
9 5.2258427578154386e-07
10 1.9505480762949213e-07
11 6.6260074450304330e-08
12 2.7157970683050318e-08
13 1.0286236085160067e-08
14 4.9901513509880050e-09
15 1.8941246990185187e-09
16 3.3327947174216842e-09
17 4.5374867605707412e-09
18 1.3429006313119560e-08
19 3.3211575954469753e-08
20 9.1829772666934462e-08
21 2.1006003297877251e-07
22 4.5865022300985439e-07
23 9.3634205140409645e-07
24 2.0270528304121682e-06
25 4.1217481046710702e-06
26 1.0471301704433245e-05
27 2.4579012468652175e-05
28 6.3255978691781009e-05
29 1.8361465626849058e-04
30 5.6838938473775780e-04
31 2.0035288262249726e-03
