t C(t)
0 0.0000000000000000e+00
1 2.4649853184193224e-03
2 1.1205076510147135e-03
3 6.1397761190831496e-04
4 4.1121367099808257e-04
5 3.7242613904006351e-04
6 2.4184989963267316e-04
7 1.6359751643838563e-04
8 1.0838774381999616e-04
9 7.2126076951741820e-05
10 5.2809114220103159e-05
11 3.8977891857343148e-05
12 3.0039266743508004e-05
13 2.1093405741856731e-05
14 1.8747099137689935e-05
15 1.1246048187350540e-05
16 1.1466896109421432e-05
17 3.4767923856284977e-06
18 4.9328338916993526e-06
19 1.4773512706419462e-06
20 4.6979720623975060e-06
21 2.5262653254484643e-06
22 8.1716394371156908e-06
23 7.4056959584547432e-06
24 1.8116682350143311e-05
25 1.9193809228797169e-05
26 4.4377061892809595e-05
27 7.4322333298145279e-05
28 1.6378548935674759e-04
29 3.3433121921920133e-04
30 8.3688191888263322e-04
31 2.3029991250464749e-03
