t C(t)
0 0.0000000000000000e+00
1 2.8708905901272028e-03
2 1.5278445501933911e-03
3 1.2670513344409818e-03
4 8.9218204626818952e-04
5 5.0178170316986703e-04
6 3.5800508566033137e-04
7 1.5953043796466365e-04
8 1.3860718740054399e-04
9 7.6570837357212398e-05
10 5.2509791937115469e-05
11 2.6905429852051940e-05
12 2.8485252895329158e-05
13 1.3072947673255275e-05
14 1.8332592809415654e-05
15 1.0138551436461450e-05
16 2.2323375472314935e-05
17 2.1776177263806853e-05
18 4.2069180636841754e-05
19 4.2306681556874643e-05
20 6.6421885864191132e-05
21 7.9290396978338041e-05
22 1.0349588092639769e-04
23 1.3599895164925511e-04
24 1.4879647833102825e-04
25 2.0664146749895174e-04
26 3.5590884384220531e-04
27 5.9103343665736861e-04
28 7.3891785167528885e-04
29 1.1976003645455828e-03
30 1.3772821470053784e-03
31 3.0019442006991516e-03
