t C(t)
0 0.0000000000000000e+00
1 2.2761697155806726e-03
2 6.9639822942954750e-04
3 2.5331274121432955e-04
4 8.8474455053075713e-05
5 3.7408728924347794e-05
6 1.7857715143163399e-05
7 7.2278455371104624e-06
8 3.2217413811879982e-06
9 1.1429327317077419e-06
10 4.7278897062976890e-07
11 1.6801811674112277e-07
12 6.5619002417868545e-08
13 1.9340099599256495e-08
14 1.1898137156356536e-08
15 3.8269861594833567e-09
16 1.0737527609719809e-08
17 1.2336658194024740e-08
18 3.2036437368033738e-08
19 6.0521866128121020e-08
20 1.0487537668828269e-07
21 1.8641329210773917e-07
22 4.0961609529949969e-07
23 9.5384792012545602e-07
24 1.9933868727272939e-06
25 5.4110299693181864e-06
26 1.4142063789898236e-05
27 3.4069596615391783e-05
28 7.4213810551587670e-05
29 2.2435272319408365e-04
30 6.5364377960675651e-04
31 2.1559280675334854e-03
