t C(t)
0 0.0000000000000000e+00
1 2.0653346451659452e-03
2 8.2913642729030542e-04
3 5.1763985960952893e-04
4 3.5581732294430446e-04
5 3.1777886777798549e-04
6 1.9017920969168034e-04
7 3.2387811993168513e-04
8 2.1474705732075632e-04
9 4.5062829074686382e-04
10 3.2936067905826291e-04
11 4.4977972116136823e-04
12 3.8064983827626567e-04
13 4.1584085311765047e-04
14 2.3553943000980630e-04
15 4.5301479202814604e-04
16 1.6900581686233259e-04
17 4.2415572496027926e-04
18 1.6105246826640191e-04
19 3.7966420891631712e-04
20 1.0075963161338642e-04
21 3.4180884272086762e-04
22 6.2933765687065891e-05
23 2.9461090239581459e-04
24 1.1411535801739557e-04
25 4.4827342947054800e-04
26 3.1673726084553803e-04
27 6.8093624373774379e-04
28 5.7298657848493307e-04
29 1.1864337418801697e-03
30 1.0467327244107517e-03
31 3.0721756495512859e-03
