t C(t)
0 0.0000000000000000e+00
1 2.1843547068674690e-03
2 6.6505104688674487e-04
3 2.3159899704037768e-04
4 9.5469808437656246e-05
5 3.9549608963448309e-05
6 1.8262698142882134e-05
7 8.7829837964296343e-06
8 3.8413043459889634e-06
9 1.8070842853529939e-06
10 7.4452941760640159e-07
11 3.9680686745646302e-07
12 1.1565521347039890e-07
13 1.4114801982770734e-07
14 1.8022390717935424e-08
15 1.1645367654181040e-07
16 6.2704982537131708e-08
17 2.6760096458498964e-07
18 4.8639653019853449e-07
19 1.2786728651029781e-06
20 1.9849881761807915e-06
21 3.6259591537959916e-06
22 7.4176968226132644e-06
23 1.1758468687985376e-05
24 1.9463538475326875e-05
25 3.6984819603362016e-05
26 6.9515921324006860e-05
27 1.1889620149614593e-04
28 1.9525090432731554e-04
29 3.6727691182208939e-04
30 7.8373994383491461e-04
31 2.3288314192787441e-03
