t C(t)
0 0.0000000000000000e+00
1 2.2471383672846190e-03
2 7.3724682121096934e-04
3 2.6759741320302063e-04
4 1.2820072044238880e-04
5 5.5035055928853526e-05
6 2.6016565296966972e-05
7 1.1073491406221784e-05
8 5.1261728898962663e-06
9 2.1134247811143867e-06
10 1.1685108341826959e-06
11 4.1598545990505206e-07
12 3.4339031795470131e-07
13 7.2216029846234793e-08
14 2.0410290588242488e-07
15 1.8019900774855655e-08
16 2.0101770926159616e-07
17 5.5098242651625662e-08
18 2.5032659282385311e-07
19 2.1667268770869108e-07
20 5.6291688969258391e-07
21 9.6333860252809900e-07
22 2.0330711142763315e-06
23 3.7056331759531034e-06
24 6.3687294012445333e-06
25 1.1080066426735974e-05
26 2.3554496889927097e-05
27 5.0641389126263077e-05
28 1.0106593337323713e-04
29 2.6381975176189047e-04
30 6.3456035872545250e-04
31 2.1704410156365749e-03
