t C(t)
0 0.0000000000000000e+00
1 2.6664608850042008e-03
2 1.1354666727643749e-03
3 6.0637256506849123e-04
4 6.0515386984917640e-04
5 4.5749185925462728e-04
6 4.2826797980171917e-04
7 3.4164659260491531e-04
8 2.3955426391764601e-04
9 1.5454072223099102e-04
10 9.7751600327258709e-05
11 7.5517307203088409e-05
12 3.7701135981326287e-05
13 4.0263603398296400e-05
14 1.4098408462508806e-05
15 2.6098924768500515e-05
16 5.4474268670291946e-06
17 2.0599237330466376e-05
18 2.5910953519105382e-06
19 2.1601477092930899e-05
20 7.8085303302934880e-06
21 3.0347849167218746e-05
22 2.4442032750028256e-05
23 6.1832755147147247e-05
24 8.6567409718614911e-05
25 1.2200153368420677e-04
26 1.6711489081129674e-04
27 1.9068614677072621e-04
28 2.9415325323075772e-04
29 4.8233075021144830e-04
30 1.0745460947170079e-03
31 2.4902295649174831e-03
