t C(t)
0 0.0000000000000000e+00
1 2.2795362184488484e-03
2 9.0794083272444624e-04
3 4.3464901914373950e-04
4 3.4401690647569534e-04
5 1.9043335742632541e-04
6 1.2979446801352718e-04
7 7.3304831244054805e-05
8 4.9210780079811339e-05
9 2.7628102180526932e-05
10 1.5113190681569170e-05
11 9.9895419580135150e-06
12 7.0387880354327222e-06
13 3.0107191913203001e-06
14 2.7807022254340017e-06
15 1.0290380265740625e-06
16 1.3914383175468736e-06
17 5.5328636211394820e-07
18 1.5125789476241946e-06
19 1.5138773151011304e-06
20 3.0434338594563640e-06
21 4.0231607347449180e-06
22 6.6941896636948199e-06
23 1.1498869357558854e-05
24 2.0439085635209646e-05
25 3.1548235233064571e-05
26 6.4725494638946530e-05
27 1.1545335916175053e-04
28 1.8559683995829211e-04
29 3.6297612036467037e-04
30 7.2252194384964151e-04
31 2.1904324841620958e-03
