t C(t)
0 0.0000000000000000e+00
1 2.1701239214806218e-03
2 7.0395536269725941e-04
3 3.3500888592417427e-04
4 2.2561749405042121e-04
5 1.1767747272545285e-04
6 1.3128567232113865e-04
7 5.6690283995748658e-05
8 9.6842236177216014e-05
9 1.7326111531603895e-05
10 8.0934984453695004e-05
11 9.7339941903153069e-06
12 8.5763478566870972e-05
13 2.2258279800006040e-05
14 1.0978365023092168e-04
15 6.0265949963238531e-05
16 1.6117221720601406e-04
17 1.0041158039362438e-04
18 2.1105834216137939e-04
19 9.1793192344889494e-05
20 2.0607887234589848e-04
21 9.1114212771588497e-05
22 2.2097318053347257e-04
23 1.0891731302394220e-04
24 2.3216957278290848e-04
25 1.7969900916910928e-04
26 2.9994455125269428e-04
27 3.3996758113830983e-04
28 4.6759794291368625e-04
29 6.1730280769945150e-04
30 1.0308257013956924e-03
31 2.4163918944161526e-03
