t C(t)
0 0.0000000000000000e+00
1 2.4104460055296862e-03
2 7.4795138163770707e-04
3 2.7065892078344933e-04
4 1.1581702399924402e-04
5 5.0390729436256626e-05
6 2.3968970512573414e-05
7 1.2313702917040194e-05
8 6.7966717501331204e-06
9 2.5964591055464619e-06
10 2.1838691172635023e-06
11 3.9676930527955178e-07
12 1.1205473874451702e-06
13 2.5337456602358097e-07
14 1.4878008917646216e-06
15 1.0045446540029719e-06
16 2.2608266954434980e-06
17 2.0284167232063856e-06
18 3.0607886674036269e-06
19 3.1844645753655854e-06
20 5.0294313684211718e-06
21 7.3234165430464458e-06
22 8.3575500920311150e-06
23 1.4088725121729117e-05
24 1.3977963498276063e-05
25 2.3994866458312384e-05
26 2.9900419611426445e-05
27 6.1267842310458898e-05
28 1.1917598300030558e-04
29 2.8072742724372628e-04
30 6.8248034549764738e-04
31 2.3821729257016682e-03
