t C(t)
0 0.0000000000000000e+00
1 2.3255400901114709e-03
2 9.0460410762891244e-04
3 3.3495611925177037e-04
4 1.3819974833272948e-04
5 5.3927992331106671e-05
6 2.0430565690733510e-05
7 6.9562692594101683e-06
8 2.9925932826133128e-06
9 1.0744145865212626e-06
10 3.8009219718028481e-07
11 1.2622246155504900e-07
12 4.4921269810064471e-08
13 1.9943037734640086e-08
14 6.9381509682874214e-09
15 3.4625327377129956e-09
16 7.5006781275763636e-10
17 1.7767405032117843e-09
18 2.2677322545408794e-09
19 7.7654654572830547e-09
20 1.9898025443655286e-08
21 6.0483109509423030e-08
22 1.6323591525518353e-07
23 4.1125514913905562e-07
24 1.1863474543443163e-06
25 3.3265573763212661e-06
26 8.9413316742032368e-06
27 2.6011289127536944e-05
28 6.5739523505705760e-05
29 1.9968876609020633e-04
30 5.8633344198470076e-04
31 2.0789216942737696e-03
