t C(t)
0 0.0000000000000000e+00
1 2.2220511543692783e-03
2 7.4480449084432542e-04
3 2.5931194495570464e-04
4 1.1361457621318745e-04
5 4.9931746552444030e-05
6 2.4275502214794230e-05
7 9.7801923535134439e-06
8 5.1677697409238205e-06
9 2.2280638414185934e-06
10 8.8068498536299888e-07
11 3.7425939622271873e-07
12 2.1721290127978606e-07
13 8.5003196354221548e-08
14 6.1098960299062873e-08
15 2.7114287544656730e-08
16 4.4492849976297535e-08
17 4.9035001683684244e-08
18 1.1104803119323168e-07
19 1.4912092977324186e-07
20 2.9533284831510276e-07
21 5.6785177177601428e-07
22 1.3755370855671897e-06
23 2.5114714691877836e-06
24 5.8782184068323657e-06
25 1.1915151753992851e-05
26 2.2783256480309364e-05
27 4.9440239791718519e-05
28 1.1189341122857101e-04
29 2.8528807171142203e-04
30 8.4781908856786917e-04
31 2.3182655785817146e-03
