t C(t)
0 0.0000000000000000e+00
1 2.0728792041318262e-03
2 6.5012589390442616e-04
3 2.1191312705394678e-04
4 8.8272855950775588e-05
5 3.3987994550720518e-05
6 1.5126791550636452e-05
7 6.0650151103959518e-06
8 2.6289826134034546e-06
9 1.4075991404536147e-06
10 9.1021817966070631e-07
11 4.7471049151806825e-07
12 2.5089655332420519e-07
13 1.4414244900800484e-07
14 6.3265530288334920e-08
15 3.9741004015826876e-08
16 1.1632301146049730e-08
17 1.7105372389117823e-08
18 3.4600299154556862e-09
19 2.4483241754575022e-08
20 3.2806494420355355e-08
21 1.1499731523288407e-07
22 2.7508265204511783e-07
23 6.7545952291250060e-07
24 1.8089175077042694e-06
25 4.1916051839558010e-06
26 1.0226287946373703e-05
27 2.9689659683362417e-05
28 7.1845933504455161e-05
29 2.2004444728447570e-04
30 5.7609850947832133e-04
31 2.1693633810400017e-03
