t C(t)
0 0.0000000000000000e+00
1 2.3171555360077230e-03
2 6.7503340755153745e-04
3 2.2612327590985074e-04
4 7.9547513879957266e-05
5 3.2883448249914952e-05
6 1.1378618521561278e-05
7 4.1084781264129508e-06
8 1.6419700106999115e-06
9 6.6121721571454820e-07
10 2.3488715103015029e-07
11 8.7843209205531888e-08
12 3.3574691096739870e-08
13 1.1740589513222102e-08
14 5.6429660810473826e-09
15 3.8335242972773056e-09
16 9.2589693905849183e-09
17 1.9336592680063360e-08
18 5.0460483270746764e-08
19 1.3469759101773145e-07
20 3.4392774517473338e-07
21 8.5071411973557732e-07
22 2.0844799857708159e-06
23 4.2925151685670622e-06
24 9.0157266402123368e-06
25 1.6277184049992772e-05
26 3.1741783598840972e-05
27 6.6485001740945358e-05
28 1.2683523140769992e-04
29 2.9100321847354445e-04
30 6.9709852148105273e-04
31 2.4529380229421391e-03
