t C(t)
0 0.0000000000000000e+00
1 2.0493842266884601e-03
2 5.6217433013126480e-04
3 1.7232356963957815e-04
4 5.6730109866873785e-05
5 1.9597006185151680e-05
6 6.5406592215155052e-06
7 2.2202408675100998e-06
8 8.3792156184316860e-07
9 3.0559282524563140e-07
10 1.1412291291599341e-07
11 4.7176219111587656e-08
12 1.7709053483101129e-08
13 7.4030929259221943e-09
14 2.7190895084798203e-09
15 3.8875022873714245e-09
16 7.4540543811966586e-09
17 2.4427589287606848e-08
18 6.9400236013844815e-08
19 1.9457615219774628e-07
20 4.7673279936686807e-07
21 9.7400025842392770e-07
22 2.0769732152300102e-06
23 4.1714001908405841e-06
24 6.7709499428172368e-06
25 1.2306735962973876e-05
26 1.9157180038140720e-05
27 4.6651009207839268e-05
28 8.7821407937483379e-05
29 2.3188135446151277e-04
30 6.2720056851296117e-04
31 2.3004529796154210e-03
