t C(t)
0 0.0000000000000000e+00
1 2.2192594535817688e-03
2 9.4268121313177981e-04
3 3.5098371857856934e-04
4 1.8620165930774947e-04
5 7.7005730066534474e-05
6 3.8498699667214692e-05
7 1.9888525651081727e-05
8 9.6048563809848790e-06
9 5.3068948861733845e-06
10 2.4272893072441372e-06
11 1.1558182072711701e-06
12 6.7170790342840675e-07
13 4.0091078968511065e-07
14 1.9937184634421293e-07
15 1.1254467063395413e-07
16 4.0508633276773284e-08
17 3.6634109161923881e-08
18 7.7548394892334725e-09
19 2.9969272020239206e-08
20 2.4165816585592791e-08
21 7.9474717106190543e-08
22 1.5073083373132171e-07
23 3.8210000609021317e-07
24 1.0267677496705560e-06
25 2.9372776293097590e-06
26 8.0943359159716820e-06
27 2.3294125245778549e-05
28 6.8716082949736744e-05
29 1.9865248646889268e-04
30 6.3834106240697310e-04
31 2.4279263647589604e-03
