t C(t)
0 0.0000000000000000e+00
1 2.1420503054104386e-03
2 6.9301477204352778e-04
3 2.5142912489651566e-04
4 1.1691776347739507e-04
5 5.8654364410125113e-05
6 2.5061295412761167e-05
7 1.1609273884097271e-05
8 6.1000192075247072e-06
9 3.0019142263646330e-06
10 1.9185554703169955e-06
11 9.1169915307001679e-07
12 7.0710867846209714e-07
13 3.4439467286987958e-07
14 2.6669427570589366e-07
15 6.6481648873757941e-08
16 1.3706809661076107e-07
17 1.7339213474603184e-08
18 1.3593813212527611e-07
19 1.1652221565534649e-07
20 3.0701420836691489e-07
21 4.5991969435112174e-07
22 1.0262145476425405e-06
23 1.5372635886487694e-06
24 3.8624210873947263e-06
25 6.9418046937406170e-06
26 1.4593776061578684e-05
27 3.0260877236663019e-05
28 7.4910968238715156e-05
29 1.9580945127580245e-04
30 5.7575866811722528e-04
31 2.1134169582767860e-03
