t C(t)
0 0.0000000000000000e+00
1 2.1522297084931121e-03
2 6.5104943178609462e-04
3 2.1265600491398966e-04
4 8.2157182709619278e-05
5 3.1077400151988639e-05
6 1.1948366023799177e-05
7 4.8788145757681367e-06
8 2.1803598333196061e-06
9 1.0267157456123128e-06
10 4.6939474379080536e-07
11 1.9400668578887389e-07
12 7.3895521787268193e-08
13 5.6344421926818696e-08
14 1.9763485878443366e-08
15 4.9138946284078701e-08
16 4.4027699461273955e-08
17 1.3495807859115033e-07
18 2.5145097416496462e-07
19 4.9533243584166368e-07
20 9.9554143073481567e-07
21 2.2995432178731259e-06
22 4.6944467545903518e-06
23 8.6106753027982667e-06
24 1.4461140659112402e-05
25 2.5435684141259092e-05
26 4.4147259798152727e-05
27 6.5966791803062487e-05
28 1.4508206047613296e-04
29 2.6285037495318728e-04
30 7.2700320704210822e-04
31 2.3391141899628703e-03
