t C(t)
0 0.0000000000000000e+00
1 2.2288916692739425e-03
2 7.5438348234041161e-04
3 3.6946465557843405e-04
4 1.9708839329743688e-04
5 1.8257392997890218e-04
6 9.0188366700669258e-05
7 1.1861364348565925e-04
8 8.2662214572258482e-05
9 7.9563380824806298e-05
10 6.1826851535887038e-05
11 6.7824389398134959e-05
12 5.0095416083871703e-05
13 4.9234853443186886e-05
14 2.9916128979133139e-05
15 3.4144734944600197e-05
16 1.4273760219297432e-05
17 2.0286014728699240e-05
18 7.8878323843771921e-06
19 1.2868356635022423e-05
20 3.9632679702733607e-06
21 8.9989990074000529e-06
22 1.1984475873632147e-06
23 7.6409121437863376e-06
24 3.0953579721003201e-06
25 1.5258549470078161e-05
26 2.0633457192251187e-05
27 5.0725313930642908e-05
28 1.1471578691020211e-04
29 2.4977214075760484e-04
30 6.6423518594425869e-04
31 2.1161539298167774e-03
