t C(t)
0 0.0000000000000000e+00
1 2.0638742938286166e-03
2 6.8061766879008582e-04
3 3.4547565178384297e-04
4 1.6888951088316436e-04
5 1.0012986578983376e-04
6 6.2499932227857082e-05
7 3.8767927092377399e-05
8 2.1655181659472118e-05
9 1.3071312655720982e-05
10 5.1774211770599316e-06
11 3.3057247723800701e-06
12 1.3873662606292047e-06
13 1.1106812926293753e-06
14 2.1152672391747304e-07
15 5.7808158286477990e-07
16 6.3133974381438047e-08
17 7.6655069646994910e-07
18 8.4529348426311348e-07
19 2.3454450680169509e-06
20 3.7334345729525539e-06
21 6.6393103418357854e-06
22 1.0607420164926923e-05
23 2.1386904836523306e-05
24 3.7423583148370295e-05
25 6.3622274654779316e-05
26 9.6508779299185111e-05
27 1.4581843226280791e-04
28 2.3665665270388727e-04
29 4.0243308923280642e-04
30 7.0994400495376863e-04
31 2.1791179339386664e-03
