t C(t)
0 0.0000000000000000e+00
1 2.1272042265309322e-03
2 7.2732488352458434e-04
3 3.1542359757122938e-04
4 1.9446058354274413e-04
5 1.2532953851065407e-04
6 6.6876804001052558e-05
7 5.6727962793992692e-05
8 2.8631200042980591e-05
9 2.8098581868551369e-05
10 7.9956277976251367e-06
11 2.0833383199153600e-05
12 7.0333407647458364e-06
13 2.1461043581874868e-05
14 1.2790994560146065e-05
15 2.7882037602900338e-05
16 1.5677122531324523e-05
17 2.8660431180963005e-05
18 1.6004755808987090e-05
19 3.3248933913223161e-05
20 2.6923948610450482e-05
21 5.3775674664264159e-05
22 4.2032475526470461e-05
23 6.4876496832661390e-05
24 7.2293207905425739e-05
25 1.1704154744542675e-04
26 1.7483815822006056e-04
27 3.5861863339469856e-04
28 3.8622542881312408e-04
29 6.3914861404859807e-04
30 9.5385750459981800e-04
31 2.4204289030454003e-03
