t C(t)
0 0.0000000000000000e+00
1 2.1278674347011131e-03
2 7.1095745677492194e-04
3 2.5235535665266108e-04
4 9.4943771515425943e-05
5 4.0409236560600324e-05
6 1.5092740862576964e-05
7 8.7782106168832610e-06
8 4.6319959707886972e-06
9 3.1735979171900868e-06
10 2.0406258871211736e-06
11 1.4297891665726742e-06
12 8.6333343017697768e-07
13 6.2230978286493231e-07
14 4.3097122135657375e-07
15 2.6571124858595361e-07
16 1.3603037276836596e-07
17 9.8790100934456401e-08
18 8.2550067189764113e-08
19 1.4049068398611546e-07
20 2.6377504023314476e-07
21 4.8158124523687151e-07
22 1.0011973486641824e-06
23 2.2783772538121776e-06
24 5.2088078728916629e-06
25 1.0614048120935871e-05
26 2.1624299540737573e-05
27 4.9973721226021739e-05
28 1.0535235311482859e-04
29 2.4000888203498116e-04
30 6.8539507983645081e-04
31 2.1866929962541339e-03
