t C(t)
0 0.0000000000000000e+00
1 2.1506693044716736e-03
2 6.8974443980858761e-04
3 2.4905256516348100e-04
4 1.0793956057231839e-04
5 4.5515610769902075e-05
6 2.2514086334562619e-05
7 1.0472752391101347e-05
8 4.9117672775158303e-06
9 2.2934786725735271e-06
10 1.0336899609917646e-06
11 5.2631008921821507e-07
12 2.2951380667183084e-07
13 1.1580238250606420e-07
14 4.4830229145182521e-08
15 2.9618636684647164e-08
16 6.0208013211088090e-09
17 1.4470831884489113e-08
18 4.4224977819796260e-09
19 2.9010720697844678e-08
20 4.5138639376333038e-08
21 1.3501979873530219e-07
22 3.0056276733603138e-07
23 6.5918777973334927e-07
24 1.4597268558276464e-06
25 3.4957473899336583e-06
26 9.2363766343290638e-06
27 2.4833281909197718e-05
28 7.4038607090576728e-05
29 2.0917393682532762e-04
30 6.3800920021670187e-04
31 2.2041753573265295e-03
