t C(t)
0 0.0000000000000000e+00
1 2.1659027175449388e-03
2 6.7410521362087428e-04
3 2.7537003807357640e-04
4 1.1171758602072916e-04
5 5.0247366188057330e-05
6 2.7724057773402775e-05
7 1.3750053218573846e-05
8 6.3246274245592611e-06
9 2.6001937455772938e-06
10 1.1072202932345817e-06
11 5.0358917505192486e-07
12 2.4188528047361681e-07
13 1.1963359806055332e-07
14 5.0573393550957936e-08
15 4.2735459805304474e-08
16 2.7554495916126340e-08
17 6.3575769548088996e-08
18 9.2889018209002181e-08
19 2.3212968782415861e-07
20 4.5684518798064702e-07
21 8.7740255719051234e-07
22 1.3232986361764311e-06
23 2.6174419817460343e-06
24 5.8490885635644015e-06
25 1.2577332004793817e-05
26 2.9230424966431666e-05
27 6.1779895858329013e-05
28 1.4043030524582640e-04
29 2.7238596281676483e-04
30 7.1396265349757296e-04
31 2.1028354365363487e-03
