t C(t)
0 0.0000000000000000e+00
1 2.0540456407205318e-03
2 6.2304254571165217e-04
3 2.2391085327141220e-04
4 9.4101072234688648e-05
5 4.0717177185529883e-05
6 2.0792735419779145e-05
7 8.9458579758037639e-06
8 5.4974917634999368e-06
9 2.1389346630796851e-06
10 1.8053959023508470e-06
11 7.1265383345743898e-07
12 6.1922939171802266e-07
13 8.7990807393658388e-08
14 4.0016867874482088e-07
15 3.3266608300223824e-08
16 4.2011359769129137e-07
17 3.0586101008330773e-07
18 9.9806877283857642e-07
19 1.3118990527210277e-06
20 2.1839481064131591e-06
21 3.5019731529617366e-06
22 4.0960111901967636e-06
23 6.4907960497254407e-06
24 8.7322038265772480e-06
25 1.4815490106054625e-05
26 2.5513407438218338e-05
27 5.0802420444024925e-05
28 1.0670178472371570e-04
29 2.6761911193000744e-04
30 6.6828870614416122e-04
31 2.1334799223200209e-03
