i getaccept E*A dH rho ddH Q
0 1 9.727379993216163e-01 9.020994042202801e-03 1.000000000000000e+00 NA -0.000000000000000e+00
1 1 9.664757324545821e-01 2.006325759339234e-03 1.000000000000000e+00 NA -0.000000000000000e+00
2 1 9.622258657552785e-01 1.312452833190036e-03 1.000000000000000e+00 NA -0.000000000000000e+00
3 1 9.604212136038655e-01 4.241211941007350e-04 1.000000000000000e+00 NA -0.000000000000000e+00
4 1 9.581502721366051e-01 8.131864060487715e-04 1.000000000000000e+00 NA -0.000000000000000e+00
5 1 9.568175246448150e-01 4.605862618518586e-04 1.000000000000000e+00 NA -0.000000000000000e+00
6 1 9.551482747872493e-01 4.619320015990525e-04 1.000000000000000e+00 NA -0.000000000000000e+00
7 1 9.545724011031349e-01 5.387500809774792e-04 1.000000000000000e+00 NA -0.000000000000000e+00
8 1 9.534708302611667e-01 1.641304079385009e-04 1.000000000000000e+00 NA -0.000000000000000e+00
9 1 9.542039394444252e-01 -1.402024809067370e-04 1.000000000000000e+00 NA -0.000000000000000e+00
10 1 9.509085985360609e-01 1.209672254390171e-03 1.000000000000000e+00 NA -0.000000000000000e+00
11 1 9.532243831611291e-01 -9.397694266226608e-04 1.000000000000000e+00 NA -0.000000000000000e+00
12 1 9.526421068852985e-01 1.906372885969176e-04 1.000000000000000e+00 NA -0.000000000000000e+00
13 1 9.521917809203401e-01 4.489988550631097e-04 1.000000000000000e+00 NA -0.000000000000000e+00
14 1 9.522080088415319e-01 -1.129222710005706e-05 1.000000000000000e+00 NA -0.000000000000000e+00
15 1 9.513158996205553e-01 1.418827800989675e-04 1.000000000000000e+00 NA -0.000000000000000e+00
16 1 9.500346172624285e-01 1.904942832879897e-04 1.000000000000000e+00 NA -0.000000000000000e+00
17 1 9.497918437279087e-01 2.940257945738267e-05 1.000000000000000e+00 NA -0.000000000000000e+00
18 1 9.495788047832369e-01 4.503406903495488e-04 1.000000000000000e+00 NA -0.000000000000000e+00
19 1 9.488258585119402e-01 2.183703613809485e-04 1.000000000000000e+00 NA -0.000000000000000e+00
20 1 9.492227731033905e-01 -4.024224081149441e-04 1.000000000000000e+00 NA -0.000000000000000e+00
21 1 9.486984719684496e-01 4.883922420049203e-04 1.000000000000000e+00 NA -0.000000000000000e+00
22 1 9.491995547854547e-01 -2.210680995631265e-04 1.000000000000000e+00 NA -0.000000000000000e+00
23 1 9.476183979373178e-01 5.292896403261693e-04 1.000000000000000e+00 NA -0.000000000000000e+00
24 1 9.482144965019907e-01 -7.041594835754950e-05 1.000000000000000e+00 NA -0.000000000000000e+00
25 1 9.487770067389314e-01 -2.517358961995342e-04 1.000000000000000e+00 NA -0.000000000000000e+00
26 1 9.476372144819806e-01 3.192889143974753e-04 1.000000000000000e+00 NA -0.000000000000000e+00
27 1 9.479705971224153e-01 -2.753359249254572e-04 1.000000000000000e+00 NA -0.000000000000000e+00
28 1 9.453954870333222e-01 1.013956229144242e-03 1.000000000000000e+00 NA -0.000000000000000e+00
29 1 9.459248362199106e-01 -2.141936370207986e-04 1.000000000000000e+00 NA -0.000000000000000e+00
30 1 9.464338171001351e-01 -3.474008876764856e-04 1.000000000000000e+00 NA -0.000000000000000e+00
31 1 9.468144468049289e-01 4.365094582681195e-05 1.000000000000000e+00 NA -0.000000000000000e+00
32 1 9.454438681142208e-01 3.966112108173547e-04 1.000000000000000e+00 NA -0.000000000000000e+00
33 1 9.462584337419911e-01 -5.176343834136787e-04 1.000000000000000e+00 NA -0.000000000000000e+00
34 1 9.455773082363599e-01 2.740269560490560e-04 1.000000000000000e+00 NA -0.000000000000000e+00
35 1 9.457193049768107e-01 6.883394553369726e-05 1.000000000000000e+00 NA -0.000000000000000e+00
36 1 9.468195070519867e-01 -2.449256671752664e-04 1.000000000000000e+00 NA -0.000000000000000e+00
37 1 9.458750301683888e-01 2.798488321786863e-04 1.000000000000000e+00 NA -0.000000000000000e+00
38 1 9.466380612968456e-01 -6.840715877842740e-05 1.000000000000000e+00 NA -0.000000000000000e+00
39 1 9.472400875975533e-01 -1.974345050257398e-04 1.000000000000000e+00 NA -0.000000000000000e+00
40 1 9.465065955502215e-01 3.258366209593078e-04 1.000000000000000e+00 NA -0.000000000000000e+00
41 1 9.462920783225197e-01 -9.765441245690454e-05 1.000000000000000e+00 NA -0.000000000000000e+00
42 1 9.462069701945680e-01 9.970256814995082e-05 1.000000000000000e+00 NA -0.000000000000000e+00
43 1 9.451130411458976e-01 1.430211891602085e-04 1.000000000000000e+00 NA -0.000000000000000e+00
44 1 9.432982908649531e-01 6.391073065969977e-04 1.000000000000000e+00 NA -0.000000000000000e+00
45 1 9.449085870030328e-01 -5.627892119264288e-04 1.000000000000000e+00 NA -0.000000000000000e+00
46 1 9.462126318554909e-01 -2.399653603788465e-04 1.000000000000000e+00 NA -0.000000000000000e+00
47 1 9.466885100537923e-01 -2.468255274834519e-04 1.000000000000000e+00 NA -0.000000000000000e+00
48 1 9.469714483954244e-01 2.259079242321604e-04 1.000000000000000e+00 NA -0.000000000000000e+00
49 1 9.465455427921056e-01 -2.664814428499085e-05 1.000000000000000e+00 NA -0.000000000000000e+00
50 1 9.461975542211715e-01 2.158030420105206e-04 1.000000000000000e+00 NA -0.000000000000000e+00
51 1 9.460571463645413e-01 -5.319399610925757e-04 1.000000000000000e+00 NA -0.000000000000000e+00
52 1 9.463229460984248e-01 3.523139230310335e-04 1.000000000000000e+00 NA -0.000000000000000e+00
53 1 9.463126005600860e-01 -2.262960515508894e-05 1.000000000000000e+00 NA -0.000000000000000e+00
54 1 9.471260759510893e-01 -2.965650828627986e-04 1.000000000000000e+00 NA -0.000000000000000e+00
55 1 9.456859891770899e-01 3.667211253741698e-04 1.000000000000000e+00 NA -0.000000000000000e+00
56 1 9.463782268640740e-01 -6.215513167262543e-05 1.000000000000000e+00 NA -0.000000000000000e+00
57 1 9.444793127532014e-01 4.532450388978759e-04 1.000000000000000e+00 NA -0.000000000000000e+00
58 1 9.445927193827284e-01 -2.233846057606570e-04 1.000000000000000e+00 NA -0.000000000000000e+00
59 1 9.467205155038092e-01 -6.470048774644965e-04 1.000000000000000e+00 NA -0.000000000000000e+00
60 1 9.451513237103495e-01 7.363177205661486e-04 1.000000000000000e+00 NA -0.000000000000000e+00
61 1 9.468285070682361e-01 -2.820292056640028e-04 1.000000000000000e+00 NA -0.000000000000000e+00
62 1 9.468129728920980e-01 -2.588232923699252e-04 1.000000000000000e+00 NA -0.000000000000000e+00
63 1 9.471991497305396e-01 -1.455123892810661e-04 1.000000000000000e+00 NA -0.000000000000000e+00
64 1 9.461796819795693e-01 3.064357210860180e-04 1.000000000000000e+00 NA -0.000000000000000e+00
65 1 9.446917934628312e-01 4.072930078109493e-04 1.000000000000000e+00 NA -0.000000000000000e+00
66 1 9.446920795490357e-01 -1.882929368548503e-04 1.000000000000000e+00 NA -0.000000000000000e+00
67 1 9.452171733465589e-01 2.310623076482443e-04 1.000000000000000e+00 NA -0.000000000000000e+00
68 1 9.477476399817555e-01 -8.595211029387428e-04 1.000000000000000e+00 NA -0.000000000000000e+00
69 1 9.455738383628091e-01 6.470123648796289e-04 1.000000000000000e+00 NA -0.000000000000000e+00
70 1 9.452742881193280e-01 1.587014157848898e-04 1.000000000000000e+00 NA -0.000000000000000e+00
71 1 9.453540276746950e-01 -2.819301553245168e-04 1.000000000000000e+00 NA -0.000000000000000e+00
72 1 9.445996562206737e-01 1.367768745694775e-04 1.000000000000000e+00 NA -0.000000000000000e+00
73 1 9.449747358144605e-01 2.411721088719787e-04 1.000000000000000e+00 NA -0.000000000000000e+00
74 1 9.440285177725436e-01 3.460500338405836e-04 1.000000000000000e+00 NA -0.000000000000000e+00
75 1 9.432530116888636e-01 1.339136738351954e-04 1.000000000000000e+00 NA -0.000000000000000e+00
76 1 9.449870145536821e-01 -5.346618809198844e-04 1.000000000000000e+00 NA -0.000000000000000e+00
77 1 9.457087153013287e-01 -2.442240233904158e-04 1.000000000000000e+00 NA -0.000000000000000e+00
78 1 9.447336121727117e-01 2.191301100538112e-04 1.000000000000000e+00 NA -0.000000000000000e+00
79 1 9.444982093629238e-01 -1.282715902561904e-05 1.000000000000000e+00 NA -0.000000000000000e+00
80 1 9.431007304663559e-01 3.370399808773072e-04 1.000000000000000e+00 NA -0.000000000000000e+00
81 1 9.447980787791335e-01 -3.588600670809683e-04 1.000000000000000e+00 NA -0.000000000000000e+00
82 1 9.462287044451352e-01 -3.746720208255283e-04 1.000000000000000e+00 NA -0.000000000000000e+00
83 1 9.470829916158925e-01 -1.110773205255100e-04 1.000000000000000e+00 NA -0.000000000000000e+00
84 1 9.470682371659298e-01 -1.373836507809756e-04 1.000000000000000e+00 NA -0.000000000000000e+00
85 1 9.478005688969355e-01 -1.854198144428665e-04 1.000000000000000e+00 NA -0.000000000000000e+00
86 1 9.476153664912066e-01 1.387732941111608e-04 1.000000000000000e+00 NA -0.000000000000000e+00
87 1 9.457711687371693e-01 7.045366710372036e-04 1.000000000000000e+00 NA -0.000000000000000e+00
88 1 9.448431321017835e-01 3.517608502079383e-05 1.000000000000000e+00 NA -0.000000000000000e+00
89 1 9.446683245551550e-01 -3.350973020133097e-05 1.000000000000000e+00 NA -0.000000000000000e+00
90 1 9.433234375156063e-01 3.462606832727033e-04 1.000000000000000e+00 NA -0.000000000000000e+00
91 1 9.435418532720024e-01 4.068664929945953e-05 1.000000000000000e+00 NA -0.000000000000000e+00
92 1 9.439396720844849e-01 -2.661198964233336e-04 1.000000000000000e+00 NA -0.000000000000000e+00
93 1 9.464378638310234e-01 -8.429243275713816e-04 1.000000000000000e+00 NA -0.000000000000000e+00
94 1 9.448259430679076e-01 7.965705908645759e-04 1.000000000000000e+00 NA -0.000000000000000e+00
95 1 9.448170389251145e-01 1.035257905641629e-04 1.000000000000000e+00 NA -0.000000000000000e+00
96 1 9.438940964348863e-01 3.088248108724656e-04 1.000000000000000e+00 NA -0.000000000000000e+00
97 1 9.433212300778056e-01 2.112993711307354e-04 1.000000000000000e+00 NA -0.000000000000000e+00
98 1 9.437895058658451e-01 -1.273765965379425e-04 1.000000000000000e+00 NA -0.000000000000000e+00
99 1 9.420470674463078e-01 5.803446174468263e-05 1.000000000000000e+00 NA -0.000000000000000e+00
100 1 9.432686531274184e-01 -6.592729732801672e-05 1.000000000000000e+00 NA -0.000000000000000e+00
101 1 9.454053408531098e-01 -6.609629417653196e-04 1.000000000000000e+00 NA -0.000000000000000e+00
102 1 9.442430023873032e-01 5.043222558924754e-04 1.000000000000000e+00 NA -0.000000000000000e+00
103 1 9.449208610243850e-01 -4.184159752185224e-04 1.000000000000000e+00 NA -0.000000000000000e+00
104 1 9.460758184247703e-01 -3.424906594773347e-04 1.000000000000000e+00 NA -0.000000000000000e+00
105 1 9.443782725229817e-01 5.543271386159176e-04 1.000000000000000e+00 NA -0.000000000000000e+00
106 1 9.441240654436213e-01 3.088834464506363e-04 1.000000000000000e+00 NA -0.000000000000000e+00
107 1 9.445894567312872e-01 -4.112423043807212e-04 1.000000000000000e+00 NA -0.000000000000000e+00
108 1 9.433997627713825e-01 4.619713727151975e-04 1.000000000000000e+00 NA -0.000000000000000e+00
109 1 9.438669643053013e-01 -4.031555090477923e-05 1.000000000000000e+00 NA -0.000000000000000e+00
110 1 9.427665630060562e-01 1.474977589168702e-04 1.000000000000000e+00 NA -0.000000000000000e+00
111 1 9.437541275349111e-01 -2.446925986987480e-04 1.000000000000000e+00 NA -0.000000000000000e+00
112 1 9.437339446166322e-01 7.642424270670745e-05 1.000000000000000e+00 NA -0.000000000000000e+00
113 1 9.438370024158794e-01 1.943690863299707e-04 1.000000000000000e+00 NA -0.000000000000000e+00
114 1 9.440273451699032e-01 -1.128608573708334e-05 1.000000000000000e+00 NA -0.000000000000000e+00
115 1 9.437982010891678e-01 -3.246338123972237e-04 1.000000000000000e+00 NA -0.000000000000000e+00
116 1 9.422695211678076e-01 2.965563826364814e-04 1.000000000000000e+00 NA -0.000000000000000e+00
117 1 9.430721612851602e-01 -5.353351525627659e-05 1.000000000000000e+00 NA -0.000000000000000e+00
118 1 9.425328666499224e-01 2.089897334371926e-04 1.000000000000000e+00 NA -0.000000000000000e+00
119 1 9.403442988670135e-01 8.490130767313531e-04 1.000000000000000e+00 NA -0.000000000000000e+00
120 1 9.415688896258188e-01 -7.828772654647764e-04 1.000000000000000e+00 NA -0.000000000000000e+00
121 1 9.412433408605165e-01 2.261909021399333e-04 1.000000000000000e+00 NA -0.000000000000000e+00
122 1 9.406215728287194e-01 4.351024717834662e-04 1.000000000000000e+00 NA -0.000000000000000e+00
123 1 9.419285678633498e-01 -5.695974091395328e-04 1.000000000000000e+00 NA -0.000000000000000e+00
124 1 9.426691125807745e-01 -4.780969511557487e-04 1.000000000000000e+00 NA -0.000000000000000e+00
125 1 9.432104473901091e-01 -2.188301141359261e-05 1.000000000000000e+00 NA -0.000000000000000e+00
126 1 9.427614895253918e-01 1.300111330237996e-04 1.000000000000000e+00 NA -0.000000000000000e+00
127 1 9.431292674382246e-01 1.168839571619174e-05 1.000000000000000e+00 NA -0.000000000000000e+00
128 1 9.431523413139589e-01 -8.036071039896342e-05 1.000000000000000e+00 NA -0.000000000000000e+00
129 1 9.435077758067769e-01 -9.922718936650199e-05 1.000000000000000e+00 NA -0.000000000000000e+00
130 1 9.434577515157236e-01 8.598645035817754e-05 1.000000000000000e+00 NA -0.000000000000000e+00
131 1 9.429057302756365e-01 4.836065772906295e-05 1.000000000000000e+00 NA -0.000000000000000e+00
132 1 9.423155064302803e-01 1.404630306751642e-04 1.000000000000000e+00 NA -0.000000000000000e+00
133 1 9.439533404411555e-01 -4.556178973871283e-04 1.000000000000000e+00 NA -0.000000000000000e+00
134 1 9.429847569419844e-01 2.646573507263383e-04 1.000000000000000e+00 NA -0.000000000000000e+00
135 1 9.437265719714852e-01 -3.820559659288847e-04 1.000000000000000e+00 NA -0.000000000000000e+00
136 1 9.422077927351145e-01 3.179687555530109e-04 1.000000000000000e+00 NA -0.000000000000000e+00
137 1 9.420252327049536e-01 3.239835700696858e-04 1.000000000000000e+00 NA -0.000000000000000e+00
138 1 9.434905410426189e-01 -4.010499606010853e-04 1.000000000000000e+00 NA -0.000000000000000e+00
139 1 9.435485629395340e-01 -1.370349741591781e-04 1.000000000000000e+00 NA -0.000000000000000e+00
140 1 9.450141595029928e-01 -5.361497001103999e-04 1.000000000000000e+00 NA -0.000000000000000e+00
141 1 9.419454234133888e-01 1.083586121239932e-03 1.000000000000000e+00 NA -0.000000000000000e+00
142 1 9.425140132928311e-01 -6.550405623784172e-05 1.000000000000000e+00 NA -0.000000000000000e+00
143 1 9.437865528994226e-01 -6.547523435074254e-04 1.000000000000000e+00 NA -0.000000000000000e+00
144 1 9.460669218440492e-01 -4.978179199497390e-04 1.000000000000000e+00 NA -0.000000000000000e+00
145 1 9.445804446781729e-01 4.149441892877803e-04 1.000000000000000e+00 NA -0.000000000000000e+00
146 1 9.426690904588755e-01 6.515443847092683e-04 1.000000000000000e+00 NA -0.000000000000000e+00
147 1 9.441051979551924e-01 -4.198653759885929e-04 1.000000000000000e+00 NA -0.000000000000000e+00
148 1 9.446343952085080e-01 -3.623235124905477e-04 1.000000000000000e+00 NA -0.000000000000000e+00
149 1 9.446240145047844e-01 -1.058883067344141e-04 1.000000000000000e+00 NA -0.000000000000000e+00
150 1 9.432587413887640e-01 5.828029729855189e-04 1.000000000000000e+00 NA -0.000000000000000e+00
151 1 9.461688825096857e-01 -7.089410023581877e-04 1.000000000000000e+00 NA -0.000000000000000e+00
152 1 9.459093008104127e-01 1.490596132498467e-04 1.000000000000000e+00 NA -0.000000000000000e+00
153 1 9.451109296290645e-01 1.188724054372869e-04 1.000000000000000e+00 NA -0.000000000000000e+00
154 1 9.442906728572964e-01 3.487958783807699e-04 1.000000000000000e+00 NA -0.000000000000000e+00
155 1 9.439582254552024e-01 -6.731747816957068e-07 1.000000000000000e+00 NA -0.000000000000000e+00
156 1 9.437459361039507e-01 2.191523221881653e-04 1.000000000000000e+00 NA -0.000000000000000e+00
157 1 9.432101547364697e-01 -6.324910873445333e-05 1.000000000000000e+00 NA -0.000000000000000e+00
158 1 9.417398830672221e-01 4.974193338966870e-04 1.000000000000000e+00 NA -0.000000000000000e+00
159 1 9.436723608095159e-01 -5.659148991981056e-04 1.000000000000000e+00 NA -0.000000000000000e+00
160 1 9.425325358131178e-01 3.353456168042612e-05 1.000000000000000e+00 NA -0.000000000000000e+00
161 1 9.430781370143106e-01 1.347336046819692e-05 1.000000000000000e+00 NA -0.000000000000000e+00
162 1 9.414400770096637e-01 5.432609186755144e-04 1.000000000000000e+00 NA -0.000000000000000e+00
163 1 9.420532295595292e-01 1.451630728297459e-04 1.000000000000000e+00 NA -0.000000000000000e+00
164 1 9.416960402904812e-01 1.506180960859638e-04 1.000000000000000e+00 NA -0.000000000000000e+00
165 1 9.419616229724808e-01 -2.389231567576644e-04 1.000000000000000e+00 NA -0.000000000000000e+00
166 1 9.421047157030231e-01 -6.642910511800437e-05 1.000000000000000e+00 NA -0.000000000000000e+00
167 1 9.435110756481825e-01 -5.021524680159928e-04 1.000000000000000e+00 NA -0.000000000000000e+00
168 1 9.439190168815786e-01 -2.148330818272370e-04 1.000000000000000e+00 NA -0.000000000000000e+00
169 1 9.431791159703773e-01 5.109313692628348e-04 1.000000000000000e+00 NA -0.000000000000000e+00
170 1 9.432314171682414e-01 1.599491752131144e-04 1.000000000000000e+00 NA -0.000000000000000e+00
171 1 9.432071861674907e-01 -1.028441415655834e-04 1.000000000000000e+00 NA -0.000000000000000e+00
172 1 9.431158641793191e-01 -1.871865406428697e-04 1.000000000000000e+00 NA -0.000000000000000e+00
173 1 9.422470742930684e-01 1.320423102697532e-04 1.000000000000000e+00 NA -0.000000000000000e+00
174 1 9.422085218978242e-01 3.387438118807040e-05 1.000000000000000e+00 NA -0.000000000000000e+00
175 1 9.429631342439323e-01 -9.615673434382188e-05 1.000000000000000e+00 NA -0.000000000000000e+00
176 1 9.427680798655385e-01 1.655533810662746e-04 1.000000000000000e+00 NA -0.000000000000000e+00
177 1 9.412411112556593e-01 5.243217292445479e-04 1.000000000000000e+00 NA -0.000000000000000e+00
178 1 9.419071069397298e-01 -3.942414969060337e-04 1.000000000000000e+00 NA -0.000000000000000e+00
179 1 9.438474206967423e-01 -3.569968598640116e-04 1.000000000000000e+00 NA -0.000000000000000e+00
180 1 9.434759058025409e-01 -1.881309581222013e-04 1.000000000000000e+00 NA -0.000000000000000e+00
181 1 9.430996674616856e-01 1.840759982769669e-04 1.000000000000000e+00 NA -0.000000000000000e+00
182 1 9.437393706528385e-01 -2.122524870173947e-04 1.000000000000000e+00 NA -0.000000000000000e+00
183 1 9.442518533118280e-01 -7.472243805750622e-05 1.000000000000000e+00 NA -0.000000000000000e+00
184 1 9.441594532240238e-01 3.344175274833106e-05 1.000000000000000e+00 NA -0.000000000000000e+00
185 1 9.434040496094271e-01 2.380826658736623e-04 1.000000000000000e+00 NA -0.000000000000000e+00
186 1 9.430308566416704e-01 1.956776063707366e-04 1.000000000000000e+00 NA -0.000000000000000e+00
187 1 9.410099110523730e-01 4.452622406461160e-04 1.000000000000000e+00 NA -0.000000000000000e+00
188 1 9.436175257015338e-01 -7.830534614186035e-04 1.000000000000000e+00 NA -0.000000000000000e+00
189 1 9.440725367965386e-01 1.027335520120687e-05 1.000000000000000e+00 NA -0.000000000000000e+00
190 1 9.426730584645928e-01 3.130017657895223e-04 1.000000000000000e+00 NA -0.000000000000000e+00
191 1 9.435342274618723e-01 -3.220932881049521e-04 1.000000000000000e+00 NA -0.000000000000000e+00
192 1 9.451017004167854e-01 -6.884415934109711e-04 1.000000000000000e+00 NA -0.000000000000000e+00
193 1 9.429009930242593e-01 7.746689093437453e-04 1.000000000000000e+00 NA -0.000000000000000e+00
194 1 9.445785412498735e-01 -2.892441480071284e-04 1.000000000000000e+00 NA -0.000000000000000e+00
195 1 9.449384679147030e-01 1.627818164706696e-05 1.000000000000000e+00 NA -0.000000000000000e+00
196 1 9.441059702755329e-01 -2.821428051902330e-05 1.000000000000000e+00 NA -0.000000000000000e+00
197 1 9.435830867734791e-01 1.881445950857596e-04 1.000000000000000e+00 NA -0.000000000000000e+00
198 1 9.446345808760724e-01 -4.095347253496584e-04 1.000000000000000e+00 NA -0.000000000000000e+00
199 1 9.415856624631900e-01 7.784637268741790e-04 1.000000000000000e+00 NA -0.000000000000000e+00
200 1 9.420564580597987e-01 -2.695377138479671e-04 1.000000000000000e+00 NA -0.000000000000000e+00
201 1 9.425474088640635e-01 -1.347026668554463e-04 1.000000000000000e+00 NA -0.000000000000000e+00
202 1 9.434302634942703e-01 -1.731725387799088e-05 1.000000000000000e+00 NA -0.000000000000000e+00
203 1 9.436347694473676e-01 2.466906198606011e-04 1.000000000000000e+00 NA -0.000000000000000e+00
204 1 9.451481318877906e-01 -7.408681844935927e-04 1.000000000000000e+00 NA -0.000000000000000e+00
205 1 9.417025512765413e-01 1.112074884986214e-03 1.000000000000000e+00 NA -0.000000000000000e+00
206 1 9.420921831716159e-01 -4.974431876689778e-04 1.000000000000000e+00 NA -0.000000000000000e+00
207 1 9.424525649576954e-01 2.904133134506992e-05 1.000000000000000e+00 NA -0.000000000000000e+00
208 1 9.439856312406807e-01 -2.895331358558906e-04 1.000000000000000e+00 NA -0.000000000000000e+00
209 1 9.418961500731948e-01 9.022137569445476e-04 1.000000000000000e+00 NA -0.000000000000000e+00
210 1 9.437892820433968e-01 -8.460605540676625e-04 1.000000000000000e+00 NA -0.000000000000000e+00
211 1 9.438885557119169e-01 1.386363478559360e-04 1.000000000000000e+00 NA -0.000000000000000e+00
212 1 9.428824591608144e-01 6.176699207571801e-05 1.000000000000000e+00 NA -0.000000000000000e+00
213 1 9.444562516595499e-01 -5.793345394522476e-04 1.000000000000000e+00 NA -0.000000000000000e+00
214 1 9.426259055700907e-01 5.136566301189305e-04 1.000000000000000e+00 NA -0.000000000000000e+00
215 1 9.418639161001012e-01 2.794820029521361e-04 1.000000000000000e+00 NA -0.000000000000000e+00
216 1 9.433797744874095e-01 -4.009366098216560e-04 1.000000000000000e+00 NA -0.000000000000000e+00
217 1 9.441422103404454e-01 -4.163438270552433e-04 1.000000000000000e+00 NA -0.000000000000000e+00
218 1 9.419696092338029e-01 8.179463811757159e-04 1.000000000000000e+00 NA -0.000000000000000e+00
219 1 9.420509743927832e-01 3.952454844693420e-04 1.000000000000000e+00 NA -0.000000000000000e+00
220 1 9.427996229916873e-01 -5.491405740940536e-04 1.000000000000000e+00 NA -0.000000000000000e+00
i getaccept E*A dH rho ddH Q
200 1 9.319549632849518e-01 4.698620319686597e-03 4.975124378109453e-03 NA -0.000000000000000e+00
201 1 9.375564874128848e-01 -2.454776033573580e-03 9.900990099009901e-03 NA -0.000000000000000e+00
202 1 9.404720779707527e-01 -9.931783361025737e-04 1.477832512315271e-02 NA -0.000000000000000e+00
203 1 9.415833470154912e-01 -2.402855898253620e-04 1.960784313725490e-02 NA -0.000000000000000e+00
204 1 9.430770333290834e-01 -8.932323676162923e-04 2.439024390243903e-02 NA -0.000000000000000e+00
205 1 9.402391439844340e-01 9.541543727209501e-04 2.912621359223301e-02 NA -0.000000000000000e+00
206 1 9.408875635107881e-01 -5.983750816085376e-04 3.381642512077294e-02 NA -0.000000000000000e+00
207 1 9.416475087773306e-01 -1.254980747944501e-04 3.846153846153846e-02 NA -0.000000000000000e+00
208 1 9.433505232096835e-01 -3.979962734774745e-04 4.306220095693780e-02 NA -0.000000000000000e+00
209 1 9.414279844815585e-01 8.399153966820450e-04 4.761904761904762e-02 NA -0.000000000000000e+00
210 1 9.434173658121435e-01 -8.929936911954428e-04 5.213270142180094e-02 NA -0.000000000000000e+00
211 1 9.435281743001369e-01 9.193987307298812e-05 5.660377358490566e-02 NA -0.000000000000000e+00
212 1 9.425704689823983e-01 1.641948756514466e-05 6.103286384976526e-02 NA -0.000000000000000e+00
213 1 9.441281084257268e-01 -6.237301995497546e-04 6.542056074766354e-02 NA -0.000000000000000e+00
214 1 9.422820526927304e-01 4.811998355762626e-04 6.976744186046512e-02 NA -0.000000000000000e+00
215 1 9.416371947557955e-01 2.514460979909927e-04 7.407407407407407e-02 NA -0.000000000000000e+00
216 1 9.432749540915661e-01 -4.059447956024087e-04 7.834101382488479e-02 NA -0.000000000000000e+00
217 1 9.440625172996335e-01 -3.974627038587641e-04 8.256880733944955e-02 NA -0.000000000000000e+00
218 1 9.419331795355148e-01 7.923466564534465e-04 8.675799086757990e-02 NA -0.000000000000000e+00
219 1 9.419828840537151e-01 4.107924628442561e-04 9.090909090909091e-02 NA -0.000000000000000e+00
220 1 9.426963988815944e-01 -5.063883863840601e-04 9.502262443438914e-02 NA -0.000000000000000e+00
221 1 9.422055131043954e-01 2.894664949053549e-04 9.909909909909910e-02 NA -0.000000000000000e+00
222 1 9.407940532276254e-01 2.541052158449020e-04 1.031390134529148e-01 NA -0.000000000000000e+00
223 1 9.407774217061160e-01 -2.099035282299155e-04 1.071428571428571e-01 NA -0.000000000000000e+00
224 1 9.409871723339622e-01 -1.018354250845732e-04 1.111111111111111e-01 NA -0.000000000000000e+00
225 1 9.447274401759786e-01 -9.623510168239591e-04 1.150442477876106e-01 NA -0.000000000000000e+00
226 1 9.431648683769095e-01 4.855243628298922e-04 1.189427312775330e-01 NA -0.000000000000000e+00
227 1 9.406097033426857e-01 6.692082647532516e-04 1.228070175438596e-01 NA -0.000000000000000e+00
228 1 9.435073386961946e-01 -9.665010484241066e-04 1.266375545851528e-01 NA -0.000000000000000e+00
229 1 9.422500659800727e-01 4.198413698759396e-04 1.304347826086956e-01 NA -0.000000000000000e+00
230 1 9.440227596118516e-01 -5.758429210800386e-04 1.341991341991342e-01 NA -0.000000000000000e+00
231 1 9.447447557437567e-01 -1.429115013706905e-04 1.379310344827586e-01 NA -0.000000000000000e+00
232 1 9.454512498052783e-01 -1.736473577693687e-04 1.416309012875537e-01 NA -0.000000000000000e+00
233 1 9.444018027368062e-01 3.346235794197128e-04 1.452991452991453e-01 NA -0.000000000000000e+00
234 1 9.445507757301379e-01 -5.937147125223419e-05 1.489361702127660e-01 NA -0.000000000000000e+00
235 1 9.435878259684759e-01 2.252555041195592e-04 1.525423728813559e-01 NA -0.000000000000000e+00
236 1 9.435264637776452e-01 5.879380205442430e-05 1.561181434599156e-01 NA -0.000000000000000e+00
237 1 9.432206747029636e-01 1.877217182482127e-04 1.596638655462185e-01 NA -0.000000000000000e+00
238 1 9.433407150557189e-01 -1.903178917928017e-04 1.631799163179916e-01 NA -0.000000000000000e+00
239 1 9.409710108419680e-01 6.106798518885626e-04 1.666666666666667e-01 NA -0.000000000000000e+00
240 1 9.431530541351356e-01 -5.411677761912870e-04 1.701244813278008e-01 NA -0.000000000000000e+00
241 1 9.443774776464205e-01 -3.452935716268257e-04 1.735537190082645e-01 NA -0.000000000000000e+00
242 1 9.425626383937582e-01 6.266008886086638e-04 1.769547325102881e-01 NA -0.000000000000000e+00
243 1 9.437045200656469e-01 -4.327381698203681e-04 1.803278688524590e-01 NA -0.000000000000000e+00
244 1 9.428014977724537e-01 1.549750136291550e-04 1.836734693877551e-01 NA -0.000000000000000e+00
245 1 9.440109210321364e-01 -2.975615793729958e-04 1.869918699186992e-01 NA -0.000000000000000e+00
246 1 9.438128084037125e-01 -1.475996482440678e-04 1.902834008097166e-01 NA -0.000000000000000e+00
247 1 9.434681524448603e-01 1.958177449523646e-04 1.935483870967742e-01 NA -0.000000000000000e+00
248 1 9.433671425581498e-01 5.711464791602339e-05 1.967871485943775e-01 NA -0.000000000000000e+00
249 1 9.433534851552177e-01 5.525984261112171e-05 2.000000000000000e-01 NA -0.000000000000000e+00
250 1 9.440203136328789e-01 -2.488962268216710e-04 2.031872509960160e-01 NA -0.000000000000000e+00
251 1 9.429490303159958e-01 1.698762971500400e-04 2.063492063492063e-01 NA -0.000000000000000e+00
252 1 9.427484441743352e-01 1.656886956880044e-04 2.094861660079052e-01 NA -0.000000000000000e+00
253 1 9.413408102678408e-01 7.565772366433521e-04 2.125984251968504e-01 NA -0.000000000000000e+00
254 1 9.432047244500487e-01 -7.027734536677599e-04 2.156862745098039e-01 NA -0.000000000000000e+00
255 1 9.444015900111711e-01 -5.581082705248264e-04 2.187500000000000e-01 NA -0.000000000000000e+00
256 1 9.444108100967613e-01 -2.070709469990106e-04 2.217898832684825e-01 NA -0.000000000000000e+00
257 1 9.439670118320899e-01 3.609627465266385e-04 2.248062015503876e-01 NA -0.000000000000000e+00
258 1 9.410131560190919e-01 1.008456715680950e-03 2.277992277992278e-01 NA -0.000000000000000e+00
259 1 9.429297276058355e-01 -5.477595063894114e-04 2.307692307692308e-01 NA -0.000000000000000e+00
260 1 9.435876726599332e-01 -1.575274459355569e-04 2.337164750957854e-01 NA -0.000000000000000e+00
261 1 9.436132769210386e-01 1.828595695769764e-04 2.366412213740458e-01 NA -0.000000000000000e+00
262 1 9.441628133415492e-01 -6.021260437591991e-04 2.395437262357414e-01 NA -0.000000000000000e+00
263 1 9.441198527999483e-01 2.469258774908667e-04 2.424242424242424e-01 NA -0.000000000000000e+00
264 1 9.439788703388432e-01 -1.838070502344635e-04 2.452830188679245e-01 NA -0.000000000000000e+00
265 1 9.441181026481118e-01 2.526302037040296e-04 2.481203007518797e-01 NA -0.000000000000000e+00
266 1 9.439114770378345e-01 -2.395209808128129e-04 2.509363295880150e-01 NA -0.000000000000000e+00
267 1 9.447244083782446e-01 -3.167657937410695e-04 2.537313432835821e-01 NA -0.000000000000000e+00
268 1 9.435734368118847e-01 2.419228117105376e-04 2.565055762081784e-01 NA -0.000000000000000e+00
269 1 9.424337118622864e-01 5.834006074110221e-04 2.592592592592592e-01 NA -0.000000000000000e+00
270 1 9.419814545138748e-01 3.803151776082814e-05 2.619926199261993e-01 NA -0.000000000000000e+00
271 1 9.421013994047033e-01 2.135729891961091e-05 2.647058823529412e-01 NA -0.000000000000000e+00
272 1 9.423932390027903e-01 2.689149368961807e-06 2.673992673992674e-01 NA -0.000000000000000e+00
273 1 9.418738689376337e-01 4.894817689091724e-04 2.700729927007299e-01 NA -0.000000000000000e+00
274 1 9.421680496316833e-01 -1.584307733537571e-04 2.727272727272727e-01 NA -0.000000000000000e+00
275 1 9.424905797537950e-01 -3.958991724175576e-04 2.753623188405797e-01 NA -0.000000000000000e+00
276 1 9.435282579482470e-01 -2.131590431417862e-04 2.779783393501805e-01 NA -0.000000000000000e+00
277 1 9.434826427284018e-01 -1.368448320135940e-04 2.805755395683453e-01 NA -0.000000000000000e+00
278 1 9.427037987429975e-01 2.769025691122806e-04 2.831541218637993e-01 NA -0.000000000000000e+00
279 1 9.426446693221546e-01 4.232406581650139e-05 2.857142857142857e-01 NA -0.000000000000000e+00
280 1 9.423015208118720e-01 6.575644874828868e-05 2.882562277580071e-01 NA -0.000000000000000e+00
281 1 9.418966420462835e-01 3.344143265167077e-04 2.907801418439716e-01 NA -0.000000000000000e+00
282 1 9.411988305538816e-01 2.166887466046319e-04 2.932862190812721e-01 NA -0.000000000000000e+00
283 1 9.441331507316479e-01 -7.952438400025130e-04 2.957746478873239e-01 NA -0.000000000000000e+00
284 1 9.433234440449354e-01 -4.152757401243434e-05 2.982456140350877e-01 NA -0.000000000000000e+00
285 1 9.416458819656972e-01 4.670300104407943e-04 3.006993006993007e-01 NA -0.000000000000000e+00
286 1 9.420507084751590e-01 -4.529222678684164e-05 3.031358885017422e-01 NA -0.000000000000000e+00
287 1 9.429682964384819e-01 -2.952610057036509e-04 3.055555555555556e-01 NA -0.000000000000000e+00
288 1 9.418341799917661e-01 3.132015449409664e-04 3.079584775086505e-01 NA -0.000000000000000e+00
289 1 9.440735329342964e-01 -6.462123983510537e-04 3.103448275862069e-01 NA -0.000000000000000e+00
290 1 9.420298053422538e-01 3.390672513887694e-04 3.127147766323024e-01 NA -0.000000000000000e+00
291 1 9.444686166089356e-01 -7.258624527821667e-04 3.150684931506849e-01 NA -0.000000000000000e+00
292 1 9.438242074391223e-01 2.664656913111685e-04 3.174061433447099e-01 NA -0.000000000000000e+00
293 1 9.434504204554389e-01 8.819261847747839e-05 3.197278911564626e-01 NA -0.000000000000000e+00
294 1 9.430410998625625e-01 -8.532020274287788e-06 3.220338983050847e-01 NA -0.000000000000000e+00
295 1 9.438824551894922e-01 -2.374180512560997e-04 3.243243243243243e-01 NA -0.000000000000000e+00
296 1 9.434667037306321e-01 -5.476014484884217e-05 3.265993265993266e-01 NA -0.000000000000000e+00
297 1 9.428701616549244e-01 6.177238310556277e-04 3.288590604026846e-01 NA -0.000000000000000e+00
298 1 9.427605198222351e-01 -2.848864601219248e-04 3.311036789297659e-01 NA -0.000000000000000e+00
299 1 9.425741424823946e-01 2.432181099720765e-04 3.333333333333333e-01 NA -0.000000000000000e+00
300 1 9.442128369455698e-01 -4.773134414790547e-04 3.355481727574751e-01 NA -0.000000000000000e+00
i getaccept E*A dH rho ddH Q
200 1 9.133573819335716e-01 6.422220934837242e-03 4.975124378109453e-03 NA -0.000000000000000e+00
201 1 9.261443847384105e-01 -4.859497415964142e-03 9.900990099009901e-03 NA -0.000000000000000e+00
202 1 9.325180460824800e-01 -2.161653729217505e-03 1.477832512315271e-02 NA -0.000000000000000e+00
i getaccept E*A dH rho ddH Q
200 1 8.982035966809142e-01 5.984818563774752e-03 4.975124378109453e-03 NA -0.000000000000000e+00
201 1 9.157124761066409e-01 -6.594691361897276e-03 9.900990099009901e-03 NA -0.000000000000000e+00
202 1 9.246006726913689e-01 -3.195771140781289e-03 1.477832512315271e-02 NA -0.000000000000000e+00
203 1 9.293142643892943e-01 -1.672929945016222e-03 1.960784313725490e-02 NA -0.000000000000000e+00
204 1 9.329010886897764e-01 -1.687504879555490e-03 2.439024390243903e-02 NA -0.000000000000000e+00
205 1 9.316411410451473e-01 2.855694187928748e-04 2.912621359223301e-02 NA -0.000000000000000e+00
206 1 9.335964847994412e-01 -1.121639103075722e-03 3.381642512077294e-02 NA -0.000000000000000e+00
207 1 9.357749251808342e-01 -6.384349553627544e-04 3.846153846153846e-02 NA -0.000000000000000e+00
208 1 9.382163307518558e-01 -6.961981885069690e-04 4.306220095693780e-02 NA -0.000000000000000e+00
209 1 9.369818015029483e-01 5.698453337572573e-04 4.761904761904762e-02 NA -0.000000000000000e+00
210 1 9.393168339228156e-01 -1.040129503508069e-03 5.213270142180094e-02 NA -0.000000000000000e+00
211 1 9.398030247809604e-01 -3.878277266267105e-05 5.660377358490566e-02 NA -0.000000000000000e+00
212 1 9.392828515629870e-01 -1.696810081739386e-04 6.103286384976526e-02 NA -0.000000000000000e+00
213 1 9.413367773250301e-01 -8.106385821520234e-04 6.542056074766354e-02 NA -0.000000000000000e+00
214 1 9.397851587783983e-01 3.558708240234409e-04 6.976744186046512e-02 NA -0.000000000000000e+00
215 1 9.393536590962410e-01 1.604294784556259e-04 7.407407407407407e-02 NA -0.000000000000000e+00
216 1 9.411947586360141e-01 -4.748300830215157e-04 7.834101382488479e-02 NA -0.000000000000000e+00
217 1 9.421160795293384e-01 -4.446179295882757e-04 8.256880733944955e-02 NA -0.000000000000000e+00
218 1 9.400171507225801e-01 7.650377442587342e-04 8.675799086757990e-02 NA -0.000000000000000e+00
219 1 9.400817033619943e-01 4.026850538139115e-04 9.090909090909091e-02 NA -0.000000000000000e+00
220 1 9.409388086843928e-01 -5.549199904635316e-04 9.502262443438914e-02 NA -0.000000000000000e+00
221 1 9.405472583436534e-01 2.529221815166238e-04 9.909909909909910e-02 NA -0.000000000000000e+00
222 1 9.392345579291728e-01 2.151477674487978e-04 1.031390134529148e-01 NA -0.000000000000000e+00
223 1 9.393006477140577e-01 -2.394632224422821e-04 1.071428571428571e-01 NA -0.000000000000000e+00
224 1 9.396164463517340e-01 -1.541867291052768e-04 1.111111111111111e-01 NA -0.000000000000000e+00
225 1 9.434271058963036e-01 -9.893214837575215e-04 1.150442477876106e-01 NA -0.000000000000000e+00
226 1 9.419523221710364e-01 4.488139134082303e-04 1.189427312775330e-01 NA -0.000000000000000e+00
227 1 9.394803417414922e-01 6.356958124342782e-04 1.228070175438596e-01 NA -0.000000000000000e+00
228 1 9.423938333308124e-01 -9.791894590307493e-04 1.266375545851528e-01 NA -0.000000000000000e+00
229 1 9.412423329690919e-01 3.828682615676371e-04 1.304347826086956e-01 NA -0.000000000000000e+00
230 1 9.430791909469431e-01 -6.052974595149863e-04 1.341991341991342e-01 NA -0.000000000000000e+00
231 1 9.438916045179118e-01 -1.797946974875231e-04 1.379310344827586e-01 NA -0.000000000000000e+00
232 1 9.446026801889194e-01 -1.835820039559621e-04 1.416309012875537e-01 NA -0.000000000000000e+00
233 1 9.435865935718046e-01 3.218453257431975e-04 1.452991452991453e-01 NA -0.000000000000000e+00
234 1 9.437711100060093e-01 -7.250082990140072e-05 1.489361702127660e-01 NA -0.000000000000000e+00
235 1 9.428855328261030e-01 1.960258982762753e-04 1.525423728813559e-01 NA -0.000000000000000e+00
236 1 9.428294632358059e-01 5.013865620639990e-05 1.561181434599156e-01 NA -0.000000000000000e+00
237 1 9.425112038040094e-01 1.971665678865975e-04 1.596638655462185e-01 NA -0.000000000000000e+00
238 1 9.426509209102338e-01 -1.997669746742758e-04 1.631799163179916e-01 NA -0.000000000000000e+00
239 1 9.402640233552353e-01 6.138420922070509e-04 1.666666666666667e-01 NA -0.000000000000000e+00
240 1 9.425234401344005e-01 -5.695398053831013e-04 1.701244813278008e-01 NA -0.000000000000000e+00
241 1 9.437563136589967e-01 -3.448254128670669e-04 1.735537190082645e-01 NA -0.000000000000000e+00
242 1 9.420097783243661e-01 5.970698302917299e-04 1.769547325102881e-01 NA -0.000000000000000e+00
243 1 9.431839868703951e-01 -4.416373412823305e-04 1.803278688524590e-01 NA -0.000000000000000e+00
244 1 9.422481596823339e-01 1.663636335251795e-04 1.836734693877551e-01 NA -0.000000000000000e+00
i getaccept E*A dH rho ddH Q
200 1 8.813509783728952e-01 6.028236053225555e-03 4.975124378109453e-03 NA -0.000000000000000e+00
201 1 9.027708424830415e-01 -7.832030745248630e-03 9.900990099009901e-03 NA -0.000000000000000e+00
202 1 9.141925022742754e-01 -4.050330087920884e-03 1.477832512315271e-02 NA -0.000000000000000e+00
203 1 9.207659655296251e-01 -2.325084104995767e-03 1.960784313725490e-02 NA -0.000000000000000e+00
204 1 9.258349612926515e-01 -2.181282678066054e-03 2.439024390243903e-02 NA -0.000000000000000e+00
205 1 9.253694087143070e-01 -1.215117117681075e-04 2.912621359223301e-02 NA -0.000000000000000e+00
206 1 9.282511377361937e-01 -1.487937282490748e-03 3.381642512077294e-02 NA -0.000000000000000e+00
207 1 9.313015079072549e-01 -9.513070567663817e-04 3.846153846153846e-02 NA -0.000000000000000e+00
208 1 9.341498475112524e-01 -8.549995204703009e-04 4.306220095693780e-02 NA -0.000000000000000e+00
209 1 9.332936779651863e-01 4.074631228832004e-04 4.761904761904762e-02 NA -0.000000000000000e+00
210 1 9.358409923563993e-01 -1.150522684383759e-03 5.213270142180094e-02 NA -0.000000000000000e+00
211 1 9.366655096932965e-01 -1.077413044185960e-04 5.660377358490566e-02 NA -0.000000000000000e+00
212 1 9.364981357144627e-01 -3.059820292037330e-04 6.103286384976526e-02 NA -0.000000000000000e+00
213 1 9.390482505320747e-01 -9.392310621478828e-04 6.542056074766354e-02 NA -0.000000000000000e+00
214 1 9.377361118437328e-01 2.828225865414424e-04 6.976744186046512e-02 NA -0.000000000000000e+00
215 1 9.373874179678242e-01 1.127623709180625e-04 7.407407407407407e-02 NA -0.000000000000000e+00
216 1 9.393101088474185e-01 -5.354988729777688e-04 7.834101382488479e-02 NA -0.000000000000000e+00
217 1 9.403132884305913e-01 -5.035012786720472e-04 8.256880733944955e-02 NA -0.000000000000000e+00
218 1 9.382150172548527e-01 7.611857522533683e-04 8.675799086757990e-02 NA -0.000000000000000e+00
219 1 9.383277384017776e-01 3.783782258324209e-04 9.090909090909091e-02 NA -0.000000000000000e+00
220 1 9.393411962853710e-01 -6.366665593304788e-04 9.502262443438914e-02 NA -0.000000000000000e+00
221 1 9.390479809813639e-01 2.311933694727486e-04 9.909909909909910e-02 NA -0.000000000000000e+00
222 1 9.377294818105111e-01 2.021062837229692e-04 1.031390134529148e-01 NA -0.000000000000000e+00
223 1 9.378858502401278e-01 -2.710791800382140e-04 1.071428571428571e-01 NA -0.000000000000000e+00
224 1 9.381779774976107e-01 -1.595123248989694e-04 1.111111111111111e-01 NA -0.000000000000000e+00
225 1 9.421860730171839e-01 -1.039492994095781e-03 1.150442477876106e-01 NA -0.000000000000000e+00
226 1 9.407748928586903e-01 4.064699296577601e-04 1.189427312775330e-01 NA -0.000000000000000e+00
227 1 9.383838058296008e-01 6.214108134372509e-04 1.228070175438596e-01 NA -0.000000000000000e+00
228 1 9.413523456042443e-01 -9.981166881516401e-04 1.266375545851528e-01 NA -0.000000000000000e+00
229 1 9.401971031214855e-01 3.718384523381246e-04 1.304347826086956e-01 NA -0.000000000000000e+00
230 1 9.420717432756320e-01 -6.310990970632702e-04 1.341991341991342e-01 NA -0.000000000000000e+00
231 1 9.429781059973668e-01 -2.192576353081677e-04 1.379310344827586e-01 NA -0.000000000000000e+00
232 1 9.437316060774841e-01 -1.951495064531628e-04 1.416309012875537e-01 NA -0.000000000000000e+00
233 1 9.427201235264826e-01 3.123023911939526e-04 1.452991452991453e-01 NA -0.000000000000000e+00
234 1 9.430178521004082e-01 -1.081280497601256e-04 1.489361702127660e-01 NA -0.000000000000000e+00
235 1 9.422248424187663e-01 1.568139841765515e-04 1.525423728813559e-01 NA -0.000000000000000e+00
236 1 9.422719813831898e-01 2.481544606780517e-05 1.561181434599156e-01 NA -0.000000000000000e+00
237 1 9.419618703540913e-01 2.048551668849541e-04 1.596638655462185e-01 NA -0.000000000000000e+00
238 1 9.421478919084940e-01 -2.048664509857190e-04 1.631799163179916e-01 NA -0.000000000000000e+00
239 1 9.397682401208863e-01 6.058138064872765e-04 1.666666666666667e-01 NA -0.000000000000000e+00
240 1 9.421213642925622e-01 -5.938230274296075e-04 1.701244813278008e-01 NA -0.000000000000000e+00
241 1 9.433784418342552e-01 -3.573267254068924e-04 1.735537190082645e-01 NA -0.000000000000000e+00
242 1 9.416632824713196e-01 5.768837645518943e-04 1.769547325102881e-01 NA -0.000000000000000e+00
243 1 9.429001923098898e-01 -4.559678436635295e-04 1.803278688524590e-01 NA -0.000000000000000e+00
244 1 9.419208964244170e-01 1.800911186364829e-04 1.836734693877551e-01 NA -0.000000000000000e+00
245 1 9.431166771992358e-01 -2.869676500267815e-04 1.869918699186992e-01 NA -0.000000000000000e+00
246 1 9.429816743577294e-01 -1.494166417614906e-04 1.902834008097166e-01 NA -0.000000000000000e+00
247 1 9.427506081710333e-01 1.544348906463711e-04 1.935483870967742e-01 NA -0.000000000000000e+00
248 1 9.426662119404401e-01 5.905299349251436e-05 1.967871485943775e-01 NA -0.000000000000000e+00
249 1 9.427172507839414e-01 2.929413585661678e-05 2.000000000000000e-01 NA -0.000000000000000e+00
250 1 9.434690738975108e-01 -2.608577283353952e-04 2.031872509960160e-01 NA -0.000000000000000e+00
251 1 9.423754902608701e-01 1.698443170425890e-04 2.063492063492063e-01 NA -0.000000000000000e+00
252 1 9.420684508671943e-01 2.041758166342333e-04 2.094861660079052e-01 NA -0.000000000000000e+00
253 1 9.405948534863510e-01 7.556042105534289e-04 2.125984251968504e-01 NA -0.000000000000000e+00
254 1 9.424968808465177e-01 -7.122512342903065e-04 2.156862745098039e-01 NA -0.000000000000000e+00
255 1 9.436917002720292e-01 -5.439181145447947e-04 2.187500000000000e-01 NA -0.000000000000000e+00
256 1 9.437584331553759e-01 -2.213062048213033e-04 2.217898832684825e-01 NA -0.000000000000000e+00
257 1 9.433182685072294e-01 3.519129791129672e-04 2.248062015503876e-01 NA -0.000000000000000e+00
258 1 9.403869073153237e-01 9.977223498935928e-04 2.277992277992278e-01 NA -0.000000000000000e+00
259 1 9.424143894011348e-01 -6.051977256902319e-04 2.307692307692308e-01 NA -0.000000000000000e+00
260 1 9.430803158525800e-01 -1.545353743495070e-04 2.337164750957854e-01 NA -0.000000000000000e+00
261 1 9.430679181455262e-01 1.955652537617425e-04 2.366412213740458e-01 NA -0.000000000000000e+00
262 1 9.435953630473648e-01 -6.133056513135671e-04 2.395437262357414e-01 NA -0.000000000000000e+00
263 1 9.435663923137382e-01 2.298131021234440e-04 2.424242424242424e-01 NA -0.000000000000000e+00
264 1 9.434913300329196e-01 -2.015533236772171e-04 2.452830188679245e-01 NA -0.000000000000000e+00
265 1 9.436055157515684e-01 2.606042867228098e-04 2.481203007518797e-01 NA -0.000000000000000e+00
266 1 9.434687097082799e-01 -2.497648265489261e-04 2.509363295880150e-01 NA -0.000000000000000e+00
267 1 9.441734237125884e-01 -2.828516180670704e-04 2.537313432835821e-01 NA -0.000000000000000e+00
268 1 9.430512831036442e-01 2.273904965477413e-04 2.565055762081784e-01 NA -0.000000000000000e+00
269 1 9.419419655645036e-01 5.704272412003775e-04 2.592592592592592e-01 NA -0.000000000000000e+00
270 1 9.415295309223524e-01 2.437301964164362e-05 2.619926199261993e-01 NA -0.000000000000000e+00
271 1 9.416807371309593e-01 1.471024552301969e-05 2.647058823529412e-01 NA -0.000000000000000e+00
272 1 9.420134758757565e-01 -2.495159242243972e-05 2.673992673992674e-01 NA -0.000000000000000e+00
273 1 9.415765708412067e-01 4.646873735509871e-04 2.700729927007299e-01 NA -0.000000000000000e+00
274 1 9.418479973657370e-01 -1.566413866385119e-04 2.727272727272727e-01 NA -0.000000000000000e+00
275 1 9.421713632448731e-01 -4.140154865126533e-04 2.753623188405797e-01 NA -0.000000000000000e+00
276 1 9.432542529584965e-01 -2.327526440240035e-04 2.779783393501805e-01 NA -0.000000000000000e+00
277 1 9.431791698270371e-01 -1.305844871239970e-04 2.805755395683453e-01 NA -0.000000000000000e+00
278 1 9.424284876766406e-01 2.711951465244056e-04 2.831541218637993e-01 NA -0.000000000000000e+00
279 1 9.423537425931106e-01 3.203108008165145e-05 2.857142857142857e-01 NA -0.000000000000000e+00
280 1 9.419690462389330e-01 8.217857293857378e-05 2.882562277580071e-01 NA -0.000000000000000e+00
281 1 9.415846096930507e-01 3.324647250337875e-04 2.907801418439716e-01 NA -0.000000000000000e+00
282 1 9.408557925060418e-01 2.302769321431697e-04 2.932862190812721e-01 NA -0.000000000000000e+00
283 1 9.438183534849217e-01 -8.075291575551091e-04 2.957746478873239e-01 NA -0.000000000000000e+00
284 1 9.430013380551856e-01 -4.202438685751986e-05 2.982456140350877e-01 NA -0.000000000000000e+00
285 1 9.413412382802961e-01 4.607325995493738e-04 3.006993006993007e-01 NA -0.000000000000000e+00
286 1 9.416822706956319e-01 -1.178142019853112e-05 3.031358885017422e-01 NA -0.000000000000000e+00
287 1 9.425714153642266e-01 -2.903079994212021e-04 3.055555555555556e-01 NA -0.000000000000000e+00
288 1 9.414292263780697e-01 3.238013473492174e-04 3.079584775086505e-01 NA -0.000000000000000e+00
289 1 9.437246105603255e-01 -6.732577776347171e-04 3.103448275862069e-01 NA -0.000000000000000e+00
290 1 9.416946753987468e-01 3.296550253253372e-04 3.127147766323024e-01 NA -0.000000000000000e+00
291 1 9.441450598639669e-01 -7.232197672237817e-04 3.150684931506849e-01 NA -0.000000000000000e+00
292 1 9.435481812395269e-01 2.521614142096951e-04 3.174061433447099e-01 NA -0.000000000000000e+00
293 1 9.431859262816054e-01 8.085584886430297e-05 3.197278911564626e-01 NA -0.000000000000000e+00
294 1 9.428022420380923e-01 -1.985003655136097e-05 3.220338983050847e-01 NA -0.000000000000000e+00
295 1 9.436189236723355e-01 -2.327516181139799e-04 3.243243243243243e-01 NA -0.000000000000000e+00
296 1 9.432441420958755e-01 -6.158006226542057e-05 3.265993265993266e-01 NA -0.000000000000000e+00
297 1 9.426096490699316e-01 6.293896049101022e-04 3.288590604026846e-01 NA -0.000000000000000e+00
298 1 9.425412706103529e-01 -3.001403679263603e-04 3.311036789297659e-01 NA -0.000000000000000e+00
299 1 9.423509696637786e-01 2.491932859811641e-04 3.333333333333333e-01 NA -0.000000000000000e+00
300 1 9.439987946899850e-01 -4.805741741620295e-04 3.355481727574751e-01 NA -0.000000000000000e+00
301 1 9.426828248657562e-01 2.366670551054995e-04 3.377483443708609e-01 NA -0.000000000000000e+00
302 1 9.431067804521446e-01 -1.403867759108834e-04 3.399339933993399e-01 NA -0.000000000000000e+00
303 1 9.439374820969577e-01 -8.202386425182340e-05 3.421052631578947e-01 NA -0.000000000000000e+00
304 1 9.437244448816060e-01 2.648770259838784e-05 3.442622950819672e-01 NA -0.000000000000000e+00
305 1 9.452155420870163e-01 -6.254439258555067e-04 3.464052287581699e-01 NA -0.000000000000000e+00
306 1 9.433400524003186e-01 7.425104731737520e-04 3.485342019543974e-01 NA -0.000000000000000e+00
307 1 9.448949798548739e-01 -4.108692196496122e-04 3.506493506493507e-01 NA -0.000000000000000e+00
308 1 9.427423921505891e-01 4.584100493048027e-04 3.527508090614886e-01 NA -0.000000000000000e+00
309 1 9.447760300167741e-01 -5.371291140363610e-04 3.548387096774194e-01 NA -0.000000000000000e+00
310 1 9.441595136020351e-01 -8.397235478696530e-05 3.569131832797428e-01 NA -0.000000000000000e+00
311 1 9.422578518071069e-01 6.490122486866312e-04 3.589743589743590e-01 NA -0.000000000000000e+00
312 1 9.441292017985636e-01 -4.421865560289007e-04 3.610223642172524e-01 NA -0.000000000000000e+00
313 1 9.429166128954460e-01 5.783710421383148e-04 3.630573248407643e-01 NA -0.000000000000000e+00
314 1 9.421760601894740e-01 2.733978071773890e-04 3.650793650793651e-01 NA -0.000000000000000e+00
315 1 9.424008329409915e-01 -1.382575019306387e-04 3.670886075949367e-01 NA -0.000000000000000e+00
316 1 9.409508292241435e-01 4.458122389223718e-04 3.690851735015773e-01 NA -0.000000000000000e+00
317 1 9.432408239599022e-01 -7.641379429514927e-04 3.710691823899371e-01 NA -0.000000000000000e+00
318 1 9.439478220221998e-01 -4.708653564193810e-04 3.730407523510972e-01 NA -0.000000000000000e+00
319 1 9.433423781044638e-01 3.801633720286191e-04 3.750000000000000e-01 NA -0.000000000000000e+00
320 1 9.432460902853849e-01 2.004963889703504e-04 3.769470404984424e-01 NA -0.000000000000000e+00
321 1 9.429783492456335e-01 3.210209488315741e-04 3.788819875776397e-01 NA -0.000000000000000e+00
322 1 9.418957180533893e-01 1.384155266350717e-04 3.808049535603715e-01 NA -0.000000000000000e+00
323 1 9.418238894270370e-01 1.404027648277406e-04 3.827160493827160e-01 NA -0.000000000000000e+00
324 1 9.410388091867140e-01 -2.776622659439454e-05 3.846153846153846e-01 NA -0.000000000000000e+00
325 1 9.418876792559383e-01 -1.943920451594749e-04 3.865030674846626e-01 NA -0.000000000000000e+00
326 1 9.428259414526989e-01 -1.580860325702815e-04 3.883792048929663e-01 NA -0.000000000000000e+00
327 1 9.422157751088676e-01 5.248733527878358e-04 3.902439024390244e-01 NA -0.000000000000000e+00
328 1 9.425563886323310e-01 -2.253281772937044e-04 3.920972644376900e-01 NA -0.000000000000000e+00
329 1 9.434652969386269e-01 -2.899714882005355e-04 3.939393939393939e-01 NA -0.000000000000000e+00
330 1 9.446492007220916e-01 -2.360040834901156e-04 3.957703927492447e-01 NA -0.000000000000000e+00
331 1 9.438338508234958e-01 1.169044262496755e-04 3.975903614457831e-01 NA -0.000000000000000e+00
332 1 9.413355981766058e-01 1.008108250516671e-03 3.993993993993994e-01 NA -0.000000000000000e+00
333 1 9.413315298810563e-01 -1.671117579462589e-04 4.011976047904192e-01 NA -0.000000000000000e+00
334 1 9.435225103872471e-01 -8.217149734264240e-04 4.029850746268657e-01 NA -0.000000000000000e+00
335 1 9.430789128627446e-01 2.697053787414916e-04 4.047619047619048e-01 NA -0.000000000000000e+00
336 1 9.439753401731430e-01 -2.233780551250675e-04 4.065281899109792e-01 NA -0.000000000000000e+00
337 1 9.434409033676985e-01 -8.144462026393740e-05 4.082840236686390e-01 NA -0.000000000000000e+00
338 1 9.434786844178134e-01 -2.037445337919053e-04 4.100294985250738e-01 NA -0.000000000000000e+00
339 1 9.429236176314865e-01 3.217131766177772e-04 4.117647058823529e-01 NA -0.000000000000000e+00
340 1 9.424456810020715e-01 1.637816617403587e-04 4.134897360703813e-01 NA -0.000000000000000e+00
341 1 9.412951581153484e-01 3.555267876436119e-04 4.152046783625731e-01 NA -0.000000000000000e+00
342 1 9.414541892576609e-01 4.507307130552363e-05 4.169096209912537e-01 NA -0.000000000000000e+00
343 1 9.416528793643467e-01 -3.202018829142617e-04 4.186046511627907e-01 NA -0.000000000000000e+00
344 1 9.402194103698275e-01 4.160514140494342e-04 4.202898550724637e-01 NA -0.000000000000000e+00
345 1 9.415165181209605e-01 -3.711960175678541e-04 4.219653179190752e-01 NA -0.000000000000000e+00
346 1 9.408633813526153e-01 4.150114459662291e-04 4.236311239193083e-01 NA -0.000000000000000e+00
347 1 9.435110913418654e-01 -9.994794395424833e-04 4.252873563218391e-01 NA -0.000000000000000e+00
348 1 9.445009737904217e-01 -3.680348690977553e-04 4.269340974212034e-01 NA -0.000000000000000e+00
